1607777774609 1.9242263284662995 0
1607777774611 1.8423262033871795 1
1607777774613 1.76487024306015 2
1607777774615 1.691899065964322 3
1607777774616 1.6229949010305063 4
1607777774618 1.5572433232165535 5
1607777774619 1.4952683122300252 6
1607777774621 1.4375980134404578 7
1607777774622 1.3829780060033927 8
1607777774624 1.3308699859038329 9
1607777774625 1.2821860887790424 10
1607777774627 1.2365610148103783 11
1607777774628 1.193334518324519 12
1607777774630 1.1529594615832763 13
1607777774631 1.1146716767716842 14
1607777774632 1.0788416716296825 15
1607777774634 1.0450374336210766 16
1607777774635 1.0134629590086084 17
1607777774637 0.9840194047750024 18
1607777774638 0.9559511180065299 19
1607777774640 0.9300126333789727 20
1607777774641 0.9055426115105721 21
1607777774643 0.8825514883339503 22
1607777774644 0.8610800727898237 23
1607777774645 0.8408181279895577 24
1607777774647 0.82192118234614 25
1607777774648 0.8042867903509524 26
1607777774650 0.7877505688561393 27
1607777774651 0.7721072011921778 28
1607777774653 0.7568257111886305 29
1607777774654 0.7428656968839902 30
1607777774655 0.730039528065083 31
1607777774657 0.7176214573258007 32
1607777774658 0.7060373726065251 33
1607777774660 0.6951674117732339 34
1607777774661 0.6846371589020084 35
1607777774663 0.6746013634379875 36
1607777774664 0.6654716490601755 37
1607777774665 0.6560525221797622 38
1607777774667 0.6472987422670105 39
1607777774668 0.6390189731964936 40
1607777774670 0.631356925703767 41
1607777774671 0.6238290290382988 42
1607777774672 0.6170998316448543 43
1607777774674 0.6104427806488385 44
1607777774675 0.6038887906850411 45
1607777774677 0.597160721290837 46
1607777774678 0.5911687977600847 47
1607777774679 0.5851595075190564 48
1607777774681 0.579429288432174 49
1607777774682 0.5744715988844895 50
1607777774684 0.5689342823277698 51
1607777774685 0.5638944212972047 52
1607777774687 0.5586333066627387 53
1607777774688 0.5537571766050777 54
1607777774689 0.5492305134252231 55
1607777774691 0.5449341047130862 56
1607777774692 0.5403409071501066 57
1607777774694 0.5360443097237717 58
1607777774695 0.5322408260631395 59
1607777774697 0.5282091668860351 60
1607777774698 0.5247335594775506 61
1607777774699 0.5211712913910782 62
1607777774701 0.5177158608912645 63
1607777774702 0.5141059959817662 64
1607777774704 0.5107286740291122 65
1607777774705 0.5074638571902534 66
1607777774706 0.5047074775475509 67
1607777774708 0.501388052680017 68
1607777774709 0.49882485665923504 69
1607777774711 0.4953522294810377 70
1607777774712 0.4924358970129173 71
1607777774714 0.489795440521593 72
1607777774715 0.4870080733842757 73
1607777774716 0.48393559872622494 74
1607777774718 0.4814788921706661 75
1607777774719 0.4789514025828774 76
1607777774720 0.47588946834058465 77
1607777774722 0.4738655382567227 78
1607777774723 0.4712901198625747 79
1607777774725 0.4690037443170265 80
1607777774726 0.4664442293458324 81
1607777774728 0.46415739448762766 82
1607777774729 0.46202196584642385 83
1607777774730 0.45951241819877914 84
1607777774732 0.4572478600979555 85
1607777774733 0.4551720424522186 86
1607777774735 0.452376766811911 87
1607777774736 0.45102341812854047 88
1607777774738 0.4491039883816175 89
1607777774739 0.44779675045166856 90
1607777774740 0.44507701987421133 91
1607777774742 0.44384109067976174 92
1607777774743 0.44141767094827805 93
1607777774745 0.43960736891048985 94
1607777774746 0.4378347541783583 95
1607777774747 0.43569744759783535 96
1607777774749 0.43478313936961066 97
1607777774750 0.4335827214104063 98
1607777774752 0.4312561059718735 99
1607777774753 0.42950499145125076 100
1607777774754 0.4271772972787868 101
1607777774756 0.42662648203783415 102
1607777774757 0.42445882082199043 103
1607777774759 0.4228526924822416 104
1607777774760 0.4220319888702106 105
1607777774761 0.42031131523348647 106
1607777774763 0.41960011755671833 107
1607777774764 0.4178351538028042 108
1607777774766 0.4171654404193771 109
1607777774767 0.41517587162668823 110
1607777774768 0.41334648331954 111
1607777774770 0.41264198930458096 112
1607777774771 0.4110408828428508 113
1607777774773 0.41035979592863814 114
1607777774774 0.40844768769401163 115
1607777774776 0.4076581915609012 116
1607777774777 0.4065012607889611 117
1607777774778 0.4059392232355726 118
1607777774780 0.4054196133345539 119
1607777774781 0.4036873234880862 120
1607777774783 0.40316330765532404 121
1607777774784 0.40104251268359425 122
1607777774786 0.4003713461260081 123
1607777774787 0.399496122024934 124
1607777774788 0.3991132950253964 125
1607777774790 0.39764085270679106 126
1607777774791 0.39604915449977063 127
1607777774793 0.3956399659466187 128
1607777774794 0.3945247637594326 129
1607777774795 0.39397224512492296 130
1607777774797 0.3933521301133955 131
1607777774798 0.3915701096622265 132
1607777774800 0.39081651034241477 133
1607777774801 0.3890620323188365 134
1607777774802 0.3887155290938968 135
1607777774804 0.3870266277285666 136
1607777774805 0.386769048273591 137
1607777774807 0.3857229247371913 138
1607777774808 0.3853409989751356 139
1607777774810 0.38475259579495585 140
1607777774811 0.3839614734817557 141
1607777774812 0.3827649112594847 142
1607777774814 0.3810471261507316 143
1607777774815 0.38023122232010786 144
1607777774817 0.37852493168612306 145
1607777774818 0.377467478389327 146
1607777774819 0.3760434950316406 147
1607777774821 0.375234780214723 148
1607777774822 0.3744493085764647 149
1607777774824 0.3730653399947951 150
1607777774825 0.371761958773853 151
1607777774826 0.37046029087127214 152
1607777774828 0.3691212856661637 153
1607777774829 0.3684539790523385 154
1607777774831 0.36724204965186014 155
1607777774832 0.3663202930518678 156
1607777774833 0.36589043752646533 157
1607777774835 0.365049570879887 158
1607777774836 0.3644787247215564 159
1607777774838 0.36412779107036264 160
1607777774839 0.3629974087569376 161
1607777774840 0.3620801284570989 162
1607777774842 0.3608614201666292 163
1607777774843 0.36041788700581484 164
1607777774845 0.3598321527900517 165
1607777774846 0.35857875715094256 166
1607777774848 0.35726797620573764 167
1607777774849 0.3566558271289503 168
1607777774850 0.3555831207831405 169
1607777774852 0.3548840631724756 170
1607777774853 0.354521001931833 171
1607777774855 0.35373595230263505 172
1607777774856 0.3530533622503104 173
1607777774857 0.3521015562166264 174
1607777774859 0.35080043770132197 175
1607777774860 0.3505545725930125 176
1607777774862 0.3495896410677737 177
1607777774863 0.34848641291655635 178
1607777774864 0.34777420884495985 179
1607777774866 0.34698523287852145 180
1607777774867 0.3460157318918694 181
1607777774869 0.3453245058090045 182
1607777774870 0.34456069363404007 183
1607777774871 0.3442090768416661 184
1607777774873 0.34318437144319425 185
1607777774874 0.3420463846649989 186
1607777774876 0.34170441408326063 187
1607777774877 0.34110844709781196 188
1607777774878 0.34008693924207356 189
1607777774880 0.33981085853792187 190
1607777774881 0.33867637778119764 191
1607777774883 0.3375176715583074 192
1607777774884 0.3372506808397924 193
1607777774886 0.33689812917940243 194
1607777774887 0.33610778888264936 195
1607777774888 0.3350342333433769 196
1607777774890 0.33437256521681297 197
1607777774891 0.33312828454073456 198
1607777774893 0.33215473074162966 199
1607777774894 0.331506472146035 200
1607777774895 0.3303821796105867 201
1607777774897 0.3295590509200549 202
1607777774898 0.32925736812635903 203
1607777774900 0.3284070958406841 204
1607777774901 0.3273553223363557 205
1607777774902 0.3265327108091974 206
1607777774904 0.32629488665452466 207
1607777774905 0.32527032089543695 208
1607777774907 0.32452720862463336 209
1607777774908 0.3239545723694539 210
1607777774909 0.3232281147792349 211
1607777774911 0.3223201097427203 212
1607777774913 0.3215773117795951 213
1607777774914 0.3205037579670228 214
1607777774916 0.3197780375298481 215
1607777774917 0.318856602489152 216
1607777774919 0.3181967457282561 217
1607777774920 0.3176180368933047 218
1607777774921 0.31683492403523084 219
1607777774923 0.31575867588775874 220
1607777774924 0.31484031666839957 221
1607777774926 0.3138944255279609 222
1607777774927 0.31330925312072644 223
1607777774929 0.3126152192640435 224
1607777774930 0.31168287166962594 225
1607777774931 0.3115134585408773 226
1607777774933 0.3105395667441319 227
1607777774934 0.30979630248926415 228
1607777774936 0.30898196982178416 229
1607777774937 0.3084759498713617 230
1607777774938 0.3079883002377111 231
1607777774940 0.3070504186464307 232
1607777774941 0.3063181253022604 233
1607777774943 0.30538876966862794 234
1607777774944 0.30471290666085404 235
1607777774946 0.3044521079156698 236
1607777774947 0.30412138623146745 237
1607777774948 0.30360329454842183 238
1607777774950 0.30293330649359085 239
1607777774951 0.3026741260638247 240
1607777774953 0.30188355998001914 241
1607777774954 0.30115496486495513 242
1607777774956 0.30073882636333943 243
1607777774957 0.3001534100620431 244
1607777774958 0.2996535115207238 245
1607777774960 0.2987316677756142 246
1607777774961 0.29769106652054045 247
1607777774963 0.296830859273523 248
1607777774964 0.29597019468394836 249
1607777774965 0.29536655211902646 250
1607777774967 0.2946477787972145 251
1607777774968 0.2940600247900095 252
1607777774970 0.2938453425274838 253
1607777774971 0.2930634590139317 254
1607777774972 0.29255414706169247 255
1607777774974 0.29173626115401247 256
1607777774975 0.2914743730727132 257
1607777774977 0.29089249957127256 258
1607777774978 0.29017685106608404 259
1607777774980 0.2897286786993771 260
1607777774981 0.2889800899993021 261
1607777774982 0.2883277942575574 262
1607777774984 0.2874900633060606 263
1607777774985 0.28678493928196014 264
1607777774987 0.2860117436026999 265
1607777774988 0.28516433199221075 266
1607777774989 0.2843862557042908 267
1607777774991 0.2842464967280662 268
1607777774992 0.2833160098889928 269
1607777774994 0.2826397825938239 270
1607777774995 0.2817889127142153 271
1607777774996 0.2809894240441326 272
1607777774998 0.2807625121917406 273
1607777774999 0.28058311670688346 274
1607777775001 0.27991993191661746 275
1607777775002 0.2792038514703412 276
1607777775003 0.27877065499650433 277
1607777775005 0.27845729152891585 278
1607777775006 0.27817659330132993 279
1607777775008 0.2776532430030719 280
1607777775009 0.27707560939297915 281
1607777775010 0.27693199938858226 282
1607777775012 0.2762522458579372 283
1607777775013 0.2761192273074824 284
1607777775015 0.27588541513915027 285
1607777775016 0.2757527304342271 286
1607777775018 0.27488602529546835 287
1607777775019 0.2741379915179638 288
1607777775020 0.2734096263651113 289
1607777775022 0.2725905320361578 290
1607777775023 0.27188223433026504 291
1607777775025 0.2711357103866503 292
1607777775026 0.2706104352891315 293
1607777775027 0.26988100045916086 294
1607777775029 0.269237506745465 295
1607777775030 0.2686368633397156 296
1607777775032 0.26793836727385484 297
1607777775033 0.2678438479327805 298
1607777775035 0.26753927499599667 299
1607777775036 0.26676009756349295 300
1607777775037 0.2663540217285942 301
1607777775039 0.2656593461637374 302
1607777775040 0.2651047832087269 303
1607777775042 0.26500751453238847 304
1607777775043 0.2642764053941946 305
1607777775044 0.26364798987891136 306
1607777775046 0.26328632493967175 307
1607777775047 0.26259828456997736 308
1607777775049 0.2620520205085906 309
1607777775050 0.26182004971361833 310
1607777775051 0.2612567368945009 311
1607777775053 0.26111500739953386 312
1607777775054 0.26045415815199774 313
1607777775056 0.2598761164084285 314
1607777775057 0.25953254711361357 315
1607777775058 0.25924311007750245 316
1607777775060 0.259151807992272 317
1607777775061 0.25903701029788717 318
1607777775063 0.2584770655150222 319
1607777775064 0.25775172721144224 320
1607777775065 0.25760376874658536 321
1607777775067 0.2572963325279037 322
1607777775068 0.2571914417353832 323
1607777775070 0.2567375137590614 324
1607777775071 0.2563041049234467 325
1607777775072 0.25573080889853944 326
1607777775074 0.2554960708067854 327
1607777775075 0.25471706865306154 328
1607777775077 0.2544290861336479 329
1607777775078 0.25427054546056105 330
1607777775079 0.2537182667619644 331
1607777775081 0.25314601167263134 332
1607777775082 0.2526412128435899 333
1607777775084 0.2525503045139904 334
1607777775085 0.251930421730295 335
1607777775087 0.25134291734640085 336
1607777775088 0.2508322957790931 337
1607777775089 0.25018411300453086 338
1607777775091 0.24977499011363646 339
1607777775092 0.2495708326291256 340
1607777775094 0.24925582634639476 341
1607777775095 0.24851432461374867 342
1607777775096 0.24795809907113253 343
1607777775098 0.24736885514438492 344
1607777775099 0.24728478178897717 345
1607777775101 0.24671295268834298 346
1607777775102 0.2466387218291024 347
1607777775103 0.24654671273781714 348
1607777775105 0.24643691428920503 349
1607777775106 0.24585242765453494 350
1607777775108 0.2454104786701957 351
1607777775109 0.24487892613264786 352
1607777775110 0.2446187628233052 353
1607777775112 0.24425743065536293 354
1607777775113 0.24398921809061305 355
1607777775115 0.2433214795872784 356
1607777775116 0.24321380219753058 357
1607777775117 0.24312855939285216 358
1607777775119 0.24258603103003287 359
1607777775120 0.24214064583792286 360
1607777775122 0.24197620462968428 361
1607777775123 0.2414013072776247 362
1607777775124 0.2410959956895142 363
1607777775126 0.24055688975120262 364
1607777775127 0.23999883427182478 365
1607777775129 0.23951274919161503 366
1607777775130 0.2389094553850585 367
1607777775132 0.23850720656263524 368
1607777775133 0.23799444542328918 369
1607777775134 0.23747578978843256 370
1607777775136 0.2369612599957052 371
1607777775137 0.23646774865431378 372
1607777775139 0.23589540451128355 373
1607777775140 0.23546187197597557 374
1607777775141 0.23492169578641547 375
1607777775143 0.23432711082006658 376
1607777775144 0.23385543949970886 377
1607777775146 0.23333688181805531 378
1607777775147 0.23277656054151918 379
1607777775148 0.23253295805808277 380
1607777775150 0.2320570466174252 381
1607777775151 0.23168455618864314 382
1607777775153 0.2312328794823752 383
1607777775154 0.2308069967068406 384
1607777775155 0.23060093563024245 385
1607777775157 0.23017122968945508 386
1607777775158 0.22960061051285235 387
1607777775160 0.22913531469551948 388
1607777775161 0.22866141028241024 389
1607777775163 0.22816435908276242 390
1607777775164 0.22781923298775228 391
1607777775165 0.22753507453457072 392
1607777775167 0.2272610200752103 393
1607777775168 0.22687926224375315 394
1607777775170 0.22677821089016767 395
1607777775171 0.2264780621462059 396
1607777775172 0.2259359684663799 397
1607777775174 0.225843615506582 398
1607777775175 0.22533040219115236 399
1607777775177 0.22494097982498884 400
1607777775178 0.22473566409624243 401
1607777775180 0.22436301286614582 402
1607777775181 0.22391061161655904 403
1607777775182 0.22381219001782432 404
1607777775184 0.2234778418108408 405
1607777775185 0.22291243097865648 406
1607777775187 0.22259814025323874 407
1607777775188 0.22215074999944473 408
1607777775189 0.22173663194892615 409
1607777775191 0.22127333761531603 410
1607777775192 0.22085758580566023 411
1607777775194 0.22064919499301405 412
1607777775195 0.22022754512467438 413
1607777775197 0.21978336199917667 414
1607777775198 0.21954036383435943 415
1607777775199 0.21909060298603805 416
1607777775201 0.21882891359996107 417
1607777775202 0.21846172487623047 418
1607777775204 0.21828590442427245 419
1607777775205 0.21790832802988808 420
1607777775206 0.2177219820421511 421
1607777775208 0.21741899665235695 422
1607777775209 0.2170501112569173 423
1607777775211 0.21668642073559033 424
1607777775212 0.2162139504374853 425
1607777775213 0.215766383486627 426
1607777775215 0.2153724289287648 427
1607777775216 0.2151128712828274 428
1607777775218 0.21469850548221653 429
1607777775219 0.21440991110343138 430
1607777775220 0.2139318477148964 431
1607777775222 0.2134700940388637 432
1607777775223 0.2131280637749863 433
1607777775225 0.21274073158201534 434
1607777775226 0.21240928200381543 435
1607777775228 0.2123128637103121 436
1607777775229 0.2118499324732375 437
1607777775230 0.211703224599917 438
1607777775232 0.21150402994589837 439
1607777775233 0.21106978915999988 440
1607777775235 0.21067770169309888 441
1607777775236 0.21022231519075663 442
1607777775238 0.20970888700621318 443
1607777775239 0.20929090485686963 444
1607777775240 0.20887909962575762 445
1607777775242 0.20845601644528564 446
1607777775243 0.20803946784662317 447
1607777775245 0.20782228354901727 448
1607777775246 0.20748507991077073 449
1607777775247 0.20726160350998518 450
1607777775249 0.20672573511934872 451
1607777775250 0.20640679305770854 452
1607777775252 0.20624611434546247 453
1607777775253 0.20587819696409707 454
1607777775254 0.20546745099475924 455
1607777775256 0.20516973415907552 456
1607777775257 0.20503679129085017 457
1607777775259 0.2046692215071569 458
1607777775260 0.20435176946208705 459
1607777775261 0.2039217229626826 460
1607777775263 0.20356222965502527 461
1607777775264 0.2031522658858024 462
1607777775266 0.2027881422369262 463
1607777775267 0.20243349887518547 464
1607777775268 0.20203607517378203 465
1607777775270 0.20185958731921763 466
1607777775271 0.20154378569003073 467
1607777775273 0.20111154943286283 468
1607777775274 0.2006764634293598 469
1607777775276 0.20033003802322752 470
1607777775277 0.1998337031464697 471
1607777775278 0.19961521645218547 472
1607777775280 0.19915283313754806 473
1607777775281 0.19902238818235585 474
1607777775283 0.19885593492606474 475
1607777775284 0.19844628900124328 476
1607777775285 0.19807505797117006 477
1607777775287 0.1978410266367028 478
1607777775288 0.1974790690851455 479
1607777775290 0.19717495450151418 480
1607777775291 0.19676614466017361 481
1607777775292 0.19662377420163132 482
1607777775294 0.19632541421885347 483
1607777775295 0.19594753708643772 484
1607777775297 0.19549798264613813 485
1607777775298 0.19540183258750365 486
1607777775299 0.1950175565827821 487
1607777775301 0.1947202452867976 488
1607777775302 0.19419059167545646 489
1607777775304 0.1939461651932897 490
1607777775305 0.19377172037859938 491
1607777775306 0.19346466706380366 492
1607777775308 0.19331213657529375 493
1607777775309 0.19296838797563476 494
1607777775311 0.19283131629066771 495
1607777775312 0.19262943766213214 496
1607777775314 0.1922907585890464 497
1607777775315 0.19225819177231257 498
1607777775316 0.19205955528336732 499
1607777775318 0.19177010610770237 500
1607777775319 0.19156256362798693 501
1607777775321 0.1914960613264663 502
1607777775322 0.19102316985460555 503
1607777775323 0.19068079180332378 504
1607777775325 0.1903632782194167 505
1607777775326 0.19018089008179206 506
1607777775328 0.18976884408859984 507
1607777775329 0.18951646435558647 508
1607777775330 0.1890863839834684 509
1607777775332 0.1887952871421793 510
1607777775333 0.18850851595309198 511
1607777775335 0.18811588019135161 512
1607777775336 0.18768890801486554 513
1607777775338 0.1875909119263454 514
1607777775339 0.18735972711534055 515
1607777775340 0.18701257550889788 516
1607777775342 0.18667236588568856 517
1607777775343 0.18659031025833117 518
1607777775345 0.18653318346252534 519
1607777775346 0.18614193551856398 520
1607777775347 0.18582120265959648 521
1607777775349 0.18541746515243854 522
1607777775350 0.1851999433036068 523
1607777775352 0.18481109177908425 524
1607777775353 0.18459838749424887 525
1607777775354 0.18427932635791158 526
1607777775356 0.18398947757914363 527
1607777775357 0.18372029820672767 528
1607777775359 0.18350347942402181 529
1607777775360 0.18319962358116196 530
1607777775361 0.1828002770129841 531
1607777775363 0.18241954245320033 532
1607777775364 0.18199214812821907 533
1607777775366 0.18176334519949625 534
1607777775367 0.18128445115820227 535
1607777775369 0.1809252614066394 536
1607777775370 0.1805630962358549 537
1607777775371 0.18049867754434049 538
1607777775373 0.1801868469839978 539
1607777775374 0.17995333722035572 540
1607777775376 0.17964378951240376 541
1607777775377 0.17926099376818197 542
1607777775378 0.17884745411328345 543
1607777775380 0.17876990914820223 544
1607777775381 0.17870988855457684 545
1607777775383 0.17851442263656037 546
1607777775384 0.17815970176177665 547
1607777775385 0.17808923238997365 548
1607777775387 0.17804475918879034 549
1607777775388 0.1777426781111975 550
1607777775390 0.17767687999418114 551
1607777775391 0.17734552515158128 552
1607777775392 0.17721186992494786 553
1607777775394 0.17694241923217754 554
1607777775395 0.17670920182984565 555
1607777775397 0.17652981269489623 556
1607777775398 0.1764054643654056 557
1607777775399 0.1761342285737378 558
1607777775401 0.17608206938372184 559
1607777775402 0.17602301741635668 560
1607777775404 0.1759869112363822 561
1607777775405 0.17573926686177882 562
1607777775407 0.1755190573662726 563
1607777775408 0.17530907732618206 564
1607777775409 0.17527667372183847 565
1607777775411 0.1750118798378695 566
1607777775412 0.17461145961029326 567
1607777775414 0.17445419890560795 568
1607777775415 0.17440928818897003 569
1607777775416 0.17403766615621807 570
1607777775418 0.17388588417716844 571
1607777775419 0.17355674114682834 572
1607777775421 0.1734571811369623 573
1607777775422 0.17312835830848994 574
1607777775423 0.17283623356913932 575
1607777775425 0.17244644367683648 576
1607777775426 0.17211911519807163 577
1607777775428 0.1719916205235928 578
1607777775429 0.17170903369447899 579
1607777775431 0.17165062570812697 580
1607777775432 0.1713089992279885 581
1607777775433 0.17099806820305483 582
1607777775435 0.17071844297685831 583
1607777775436 0.17047266187857793 584
1607777775438 0.1703295031542233 585
1607777775439 0.1700403883786142 586
1607777775440 0.1700162682039438 587
1607777775442 0.16991313701373292 588
1607777775443 0.16982523293846155 589
1607777775445 0.1694827566011391 590
1607777775446 0.16917686614522898 591
1607777775447 0.16912728306767327 592
1607777775449 0.16884830900593792 593
1607777775450 0.1686304313500849 594
1607777775452 0.16829803698044266 595
1607777775453 0.16800956170409423 596
1607777775455 0.16770157655658705 597
1607777775456 0.16749437748653806 598
1607777775457 0.16725347865383053 599
1607777775459 0.1669834488417365 600
1607777775460 0.16668902574592304 601
1607777775462 0.16634659496754997 602
1607777775463 0.16627445144434239 603
1607777775464 0.16599210032692086 604
1607777775466 0.16592080035221665 605
1607777775467 0.16556346286718415 606
1607777775469 0.16542084896489995 607
1607777775470 0.16514701532778703 608
1607777775471 0.16488760807222108 609
1607777775473 0.16456932495628823 610
1607777775474 0.16431490590038797 611
1607777775476 0.1639712018873827 612
1607777775477 0.163731615379351 613
1607777775478 0.16342223369476866 614
1607777775480 0.16333448803763745 615
1607777775481 0.1631972459509805 616
1607777775483 0.16294127028201474 617
1607777775484 0.16259597661948227 618
1607777775486 0.16247658805413573 619
1607777775487 0.16220081034550526 620
1607777775488 0.16206768725658052 621
1607777775490 0.1617856251886436 622
1607777775491 0.1616519833081717 623
1607777775493 0.1615793268821777 624
1607777775494 0.1613552056710245 625
1607777775495 0.16108746278417163 626
1607777775497 0.16104303905403627 627
1607777775498 0.16094172144054014 628
1607777775500 0.1608193250573245 629
1607777775501 0.16071113800645484 630
1607777775502 0.16049040406761736 631
1607777775504 0.16018821608565323 632
1607777775505 0.15999391780134462 633
1607777775507 0.15990596255048892 634
1607777775508 0.15981535704398203 635
1607777775509 0.15951991812171631 636
1607777775511 0.15930148849947243 637
1607777775512 0.1589976240552589 638
1607777775514 0.15894140435648782 639
1607777775515 0.15868718464380105 640
1607777775516 0.1584428316425107 641
1607777775518 0.15839250650446096 642
1607777775519 0.15809496745885626 643
1607777775521 0.1578156408719815 644
1607777775522 0.15758321524926264 645
1607777775523 0.15724093450119078 646
1607777775525 0.15718922246087413 647
1607777775526 0.15708263591075355 648
1607777775528 0.15671697799976061 649
1607777775529 0.15640736578494122 650
1607777775531 0.15609422978448245 651
1607777775532 0.15591438242811692 652
1607777775533 0.15570226872935342 653
1607777775535 0.15544093932986877 654
1607777775536 0.1552309220310569 655
1607777775538 0.15491572783821378 656
1607777775539 0.15482079327645543 657
1607777775540 0.15451023047739745 658
1607777775542 0.1544643461489998 659
1607777775543 0.15415412011063384 660
1607777775545 0.1540958171079051 661
1607777775546 0.15385444933277967 662
1607777775548 0.15353305905828732 663
1607777775549 0.1534563834791454 664
1607777775550 0.1534001086997737 665
1607777775552 0.153184956353014 666
1607777775553 0.15310218603123388 667
1607777775555 0.15292942706044213 668
1607777775556 0.15269404168884643 669
1607777775557 0.15239492244227434 670
1607777775559 0.15223320774253324 671
1607777775560 0.15219571747951247 672
1607777775562 0.15209312494540964 673
1607777775563 0.15175935990045605 674
1607777775564 0.15154053240673396 675
1607777775566 0.1512994950189294 676
1607777775567 0.15101281105281075 677
1607777775569 0.15087535089691992 678
1607777775570 0.1507371797111906 679
1607777775572 0.15051725786824713 680
1607777775573 0.15024943198997517 681
1607777775574 0.15009593225207607 682
1607777775576 0.1499702456266247 683
1607777775577 0.14992953287846036 684
1607777775579 0.14976694901619095 685
1607777775580 0.14951935095878377 686
1607777775581 0.14929110041347157 687
1607777775583 0.14901657754995445 688
1607777775584 0.14896426203453086 689
1607777775586 0.14868987986436566 690
1607777775587 0.14846724262504649 691
1607777775588 0.14821094252034744 692
1607777775590 0.1480802124868273 693
1607777775591 0.1479880762370268 694
1607777775593 0.14771703348599868 695
1607777775594 0.14748191705801827 696
1607777775595 0.14732089256003125 697
1607777775597 0.14710365524778288 698
1607777775598 0.1467696844115994 699
1607777775600 0.14672510992504995 700
1607777775601 0.14649472823506648 701
1607777775602 0.14629297337686775 702
1607777775604 0.14614252870930344 703
1607777775605 0.14579202146014317 704
1607777775607 0.14553840224583123 705
1607777775608 0.1454776283368056 706
1607777775609 0.14523460868002877 707
1607777775611 0.14497003566247774 708
1607777775612 0.14480237945547655 709
1607777775614 0.1445578148683093 710
1607777775615 0.14433417676338503 711
1607777775616 0.14400334135389004 712
1607777775618 0.14367223778883062 713
1607777775619 0.1435226138325096 714
1607777775621 0.14340724698513463 715
1607777775622 0.14325614873603124 716
1607777775623 0.14314198134678013 717
1607777775625 0.1428827875040323 718
1607777775626 0.14273830032352522 719
1607777775628 0.1425806748487437 720
1607777775629 0.1424525338744042 721
1607777775631 0.1422441883076419 722
1607777775632 0.14207642842971926 723
1607777775633 0.14181858180408136 724
1607777775635 0.14166482138312472 725
1607777775636 0.14148566475202107 726
1607777775638 0.14123474921086615 727
1607777775639 0.14115543473734044 728
1607777775640 0.14093398465771056 729
1607777775642 0.14067756027076256 730
1607777775643 0.14044364441435497 731
1607777775645 0.14022647740895441 732
1607777775646 0.13994796537647702 733
1607777775648 0.13965761170072433 734
1607777775649 0.13954395857163107 735
1607777775650 0.13924499266190407 736
1607777775652 0.13903146334119124 737
1607777775653 0.13890154426150417 738
1607777775655 0.13880124142787006 739
1607777775656 0.13877786332482345 740
1607777775657 0.1385943183995955 741
1607777775659 0.1383957411132083 742
1607777775660 0.13831231967205873 743
1607777775662 0.13824477321547457 744
1607777775663 0.13812754395238294 745
1607777775665 0.13790178839149217 746
1607777775666 0.1375880749123402 747
1607777775667 0.13732238428373564 748
1607777775669 0.13718223769699153 749
1607777775670 0.13701345171215706 750
1607777775672 0.13676880016136964 751
1607777775673 0.1365402640056819 752
1607777775674 0.13642415752611792 753
1607777775676 0.13631012031510573 754
1607777775677 0.13603782213160387 755
1607777775679 0.13584815953662444 756
1607777775680 0.135807450848492 757
1607777775681 0.13556568908248656 758
1607777775683 0.13534710227299526 759
1607777775684 0.13516910934067602 760
1607777775686 0.1351285277160755 761
1607777775687 0.13492439584939087 762
1607777775689 0.13463378427178224 763
1607777775690 0.13448243101003543 764
1607777775692 0.13422957098356436 765
1607777775693 0.13407079189840687 766
1607777775695 0.13399488827098663 767
1607777775696 0.133853317302011 768
1607777775697 0.13374397598640114 769
1607777775699 0.13353949835394177 770
1607777775700 0.13352494247034633 771
1607777775702 0.13337143952626432 772
1607777775703 0.13314324100294195 773
1607777775704 0.13298574492252943 774
1607777775706 0.13285391683827816 775
1607777775707 0.13262344555001282 776
1607777775709 0.1325490552054459 777
1607777775710 0.13236365215297116 778
1607777775711 0.13212631807809794 779
1607777775713 0.1320220946630654 780
1607777775714 0.13194411953018 781
1607777775716 0.13168248324519405 782
1607777775717 0.13164562594013998 783
1607777775718 0.13146653802527206 784
1607777775720 0.13144076591407114 785
1607777775721 0.13124338810159697 786
1607777775723 0.13111995384240854 787
1607777775724 0.13099920943895255 788
1607777775726 0.13093651704456075 789
1607777775727 0.1307626444017139 790
1607777775728 0.13072436919293706 791
1607777775730 0.13066556344882818 792
1607777775731 0.1305728955370309 793
1607777775733 0.13049226844721692 794
1607777775734 0.13022689779004887 795
1607777775735 0.1300302791957985 796
1607777775737 0.12989250332520363 797
1607777775738 0.12981541625650012 798
1607777775740 0.12963298517668015 799
1607777775741 0.129449796071087 800
1607777775742 0.12926716979530634 801
1607777775744 0.1289947959373087 802
1607777775745 0.1288380996206077 803
1607777775747 0.12863388514471621 804
1607777775748 0.12846940612556043 805
1607777775750 0.1283406129474542 806
1607777775751 0.12814565477305398 807
1607777775752 0.12789750666990565 808
1607777775754 0.1278139333379532 809
1607777775755 0.12769809820586187 810
1607777775757 0.12745376364871333 811
1607777775758 0.12721705820410437 812
1607777775759 0.12697429763231563 813
1607777775761 0.12679352302114574 814
1607777775762 0.12660386749064706 815
1607777775764 0.12638776141487265 816
1607777775765 0.12635433187634942 817
1607777775766 0.12622762886580693 818
1607777775768 0.12619352642453022 819
1607777775769 0.12605870263020735 820
1607777775771 0.12592925020388526 821
1607777775772 0.1257850996960187 822
1607777775773 0.12566736854070232 823
1607777775775 0.1256190928931243 824
1607777775776 0.12554306949869745 825
1607777775778 0.1252796605315226 826
1607777775779 0.12502384430265495 827
1607777775781 0.12482675396091039 828
1607777775782 0.12466416704748383 829
1607777775783 0.1245118446588186 830
1607777775785 0.12434312196217842 831
1607777775786 0.12413100087036441 832
1607777775788 0.12387135017118864 833
1607777775789 0.12364803605562048 834
1607777775790 0.12361735612868581 835
1607777775792 0.12354493365321396 836
1607777775793 0.12336734412457065 837
1607777775795 0.12318024232719338 838
1607777775796 0.12305308005974556 839
1607777775798 0.12289587008799716 840
1607777775799 0.12267541821427042 841
1607777775800 0.12244447269798661 842
1607777775802 0.12224111447973748 843
1607777775803 0.12212664087569526 844
1607777775805 0.12206800455592111 845
1607777775806 0.12201701875375796 846
1607777775807 0.12192754641809818 847
1607777775809 0.12174554415447311 848
1607777775810 0.12165351628234944 849
1607777775812 0.12148702110646603 850
1607777775813 0.12145294268743086 851
1607777775814 0.12132912478312055 852
1607777775816 0.12108692692670167 853
1607777775817 0.12093304988970313 854
1607777775819 0.12091387708995155 855
1607777775820 0.12089206907092882 856
1607777775821 0.12077199340734962 857
1607777775823 0.12062167665364253 858
1607777775824 0.12053135863380049 859
1607777775826 0.12029612346522017 860
1607777775827 0.12022111537493635 861
1607777775829 0.12002471572058392 862
1607777775830 0.11986491801502994 863
1607777775831 0.11972120727038908 864
1607777775833 0.11951852377206477 865
1607777775834 0.11942590211144 866
1607777775836 0.1193319543622528 867
1607777775837 0.11916584371630198 868
1607777775838 0.11896879090866995 869
1607777775840 0.11875008193948135 870
1607777775841 0.11867129241595566 871
1607777775843 0.11848565863568 872
1607777775844 0.11840115172060382 873
1607777775846 0.11833016751349382 874
1607777775847 0.1181636038019549 875
1607777775848 0.11799620182675237 876
1607777775850 0.11797586357481206 877
1607777775851 0.1178273477258509 878
1607777775853 0.11774000286076665 879
1607777775854 0.11762294274591405 880
1607777775856 0.11745805470059538 881
1607777775857 0.11722745775576437 882
1607777775859 0.1170543643235528 883
1607777775860 0.11699189666886912 884
1607777775861 0.11690825198004438 885
1607777775863 0.11673899104734366 886
1607777775864 0.11651512795341536 887
1607777775866 0.11640401581913512 888
1607777775867 0.1163284227656446 889
1607777775869 0.11620938318665971 890
1607777775870 0.11600519641788216 891
1607777775871 0.11596977957646047 892
1607777775873 0.11577831420183345 893
1607777775874 0.11570485863573922 894
1607777775876 0.11551394138604976 895
1607777775877 0.11542399024341597 896
1607777775878 0.11520114435489612 897
1607777775880 0.11501644967541622 898
1607777775881 0.11485782331618632 899
1607777775883 0.1148431480383672 900
1607777775884 0.11472384019549889 901
1607777775886 0.11458157130695927 902
1607777775887 0.11441979583442596 903
1607777775888 0.11439123419336186 904
1607777775890 0.11418469999974366 905
1607777775891 0.1140466918298043 906
1607777775893 0.1138581387918949 907
1607777775894 0.11364948839368309 908
1607777775895 0.1134676212935233 909
1607777775897 0.11325482030238736 910
1607777775898 0.11305581544521273 911
1607777775900 0.11290845237372732 912
1607777775901 0.11278487243874447 913
1607777775903 0.11262108199395303 914
1607777775904 0.1125950277975074 915
1607777775906 0.11241971099470187 916
1607777775908 0.11233707913648365 917
1607777775909 0.11212054782253335 918
1607777775912 0.11209898333598835 919
1607777775914 0.1119794696753876 920
1607777775915 0.11182072475009824 921
1607777775917 0.11175903785392666 922
1607777775919 0.11172857925586292 923
1607777775920 0.11156521892892567 924
1607777775922 0.11153630624791105 925
1607777775923 0.11139942379511558 926
1607777775925 0.11136490399141889 927
1607777775926 0.11135387644319805 928
1607777775928 0.11132713362116356 929
1607777775930 0.11118039018547969 930
1607777775932 0.11104612386460232 931
1607777775933 0.11090366711954688 932
1607777775935 0.1107202108266787 933
1607777775937 0.11062153071970322 934
1607777775939 0.11049142652842223 935
1607777775940 0.11032454835015101 936
1607777775942 0.11029944446904304 937
1607777775944 0.11015508070847323 938
1607777775945 0.11005653998336049 939
1607777775947 0.1098494525397718 940
1607777775948 0.1097084955835648 941
1607777775950 0.1095313410003083 942
1607777775951 0.10949526761118769 943
1607777775953 0.10933535077281288 944
1607777775954 0.10928754251963133 945
1607777775956 0.10917546410116867 946
1607777775957 0.10902057885677702 947
1607777775958 0.10882990206757469 948
1607777775960 0.10867245360348905 949
1607777775961 0.10849861266588863 950
1607777775963 0.1083039867252506 951
1607777775964 0.10811584425898309 952
1607777775966 0.10795202096254423 953
1607777775967 0.1077340185136903 954
1607777775968 0.10767311567206561 955
1607777775970 0.1074961054100522 956
1607777775971 0.10731780435804052 957
1607777775973 0.10725122047684262 958
1607777775974 0.10709133673103023 959
1607777775975 0.10703765007412175 960
1607777775977 0.1069726190504322 961
1607777775978 0.10681107425938488 962
1607777775980 0.10664055551169442 963
1607777775981 0.10646388822126246 964
1607777775983 0.10632843716200752 965
1607777775984 0.1061345064665615 966
1607777775985 0.10600530580639894 967
1607777775987 0.10583631540683883 968
1607777775988 0.10576510453226638 969
1607777775990 0.1056420207259915 970
1607777775991 0.10549389795434146 971
1607777775993 0.1053739948811297 972
1607777775994 0.10524943226511246 973
1607777775995 0.10510618769994914 974
1607777775997 0.10494060948959742 975
1607777775998 0.10488333044071745 976
1607777776000 0.10482699772847537 977
1607777776001 0.10465189344100113 978
1607777776003 0.10452578508204105 979
1607777776004 0.10443613103047046 980
1607777776005 0.10441504625979196 981
1607777776007 0.10435537952439604 982
1607777776008 0.10417602030006876 983
1607777776010 0.10415151866302813 984
1607777776011 0.10413388210169362 985
1607777776013 0.10399042804783863 986
1607777776014 0.10391572145569558 987
1607777776015 0.10379038626670087 988
1607777776017 0.10365522576906663 989
1607777776018 0.1035725211502124 990
1607777776020 0.10342475390053298 991
1607777776021 0.10336469913583902 992
1607777776022 0.10323588447323871 993
1607777776024 0.10304133363576544 994
1607777776025 0.10292781373831039 995
1607777776027 0.10277706787333238 996
1607777776028 0.10259346214532 997
1607777776030 0.10246029129461642 998
1607777776031 0.10243402218548046 999
1607777776035 0.10243402218548046 1000
