1607777769291 1.9333213778256733 0
1607777769293 1.851294926223657 1
1607777769295 1.7740137823978543 2
1607777769297 1.7010207648943698 3
1607777769299 1.6320025793346962 4
1607777769302 1.5666786594588957 5
1607777769305 1.505270708553878 6
1607777769308 1.4473552764758992 7
1607777769311 1.3926999059207594 8
1607777769314 1.3408708965197327 9
1607777769317 1.2925717253238076 10
1607777769320 1.2469321289517585 11
1607777769322 1.2041929355693872 12
1607777769325 1.16381065568329 13
1607777769328 1.1257155644272283 14
1607777769330 1.090232912965519 15
1607777769332 1.0563178803017397 16
1607777769335 1.0248292508611694 17
1607777769338 0.9948145596509693 18
1607777769340 0.9667345110322086 19
1607777769343 0.9406620168924119 20
1607777769345 0.9160154494325253 21
1607777769348 0.8927244413191274 22
1607777769351 0.8705718887301863 23
1607777769354 0.8501142088629746 24
1607777769356 0.8311191496406358 25
1607777769359 0.8130002056515612 26
1607777769362 0.7961510820157836 27
1607777769365 0.7805431907128826 28
1607777769367 0.7657107447064747 29
1607777769370 0.7517751213957551 30
1607777769372 0.7384675035333333 31
1607777769375 0.7258523017742686 32
1607777769377 0.714127984807546 33
1607777769380 0.7025435110390403 34
1607777769383 0.691825479563028 35
1607777769385 0.6819564815070813 36
1607777769386 0.6718564304042053 37
1607777769388 0.6627377831687356 38
1607777769389 0.653864903186132 39
1607777769391 0.6455006493086404 40
1607777769392 0.6376816356529977 41
1607777769393 0.6297777704201986 42
1607777769395 0.6227695627636826 43
1607777769396 0.6159396291956717 44
1607777769398 0.6090866813906728 45
1607777769399 0.603230689939758 46
1607777769400 0.5965633629498021 47
1607777769402 0.590881047744424 48
1607777769403 0.5850613762978127 49
1607777769404 0.5794346886852425 50
1607777769406 0.573715229951243 51
1607777769407 0.568554648368375 52
1607777769409 0.5635538063790478 53
1607777769410 0.558603635813284 54
1607777769411 0.5542116666038737 55
1607777769413 0.5496379076102218 56
1607777769414 0.545419210311849 57
1607777769416 0.5411996872111796 58
1607777769417 0.5365999182070768 59
1607777769418 0.5325510229826672 60
1607777769420 0.5283707702488635 61
1607777769421 0.524340186156277 62
1607777769423 0.5209507507445706 63
1607777769424 0.5175710523789229 64
1607777769425 0.514008509135759 65
1607777769427 0.5103607270216499 66
1607777769429 0.5070015979700376 67
1607777769431 0.503716843414211 68
1607777769432 0.5005309081077897 69
1607777769433 0.4974564700013177 70
1607777769435 0.4945917353612731 71
1607777769436 0.49113768253395923 72
1607777769438 0.48849514237802627 73
1607777769439 0.48545717497995317 74
1607777769441 0.4830934171958643 75
1607777769443 0.4806243935787472 76
1607777769444 0.4779831810205348 77
1607777769446 0.4753973842211989 78
1607777769447 0.47278491344491175 79
1607777769448 0.46962231497226115 80
1607777769450 0.46713917915624337 81
1607777769451 0.46432217696936157 82
1607777769453 0.4616469867898216 83
1607777769455 0.4598532528070991 84
1607777769456 0.4573725973761177 85
1607777769458 0.4548634407195767 86
1607777769460 0.4522787663848043 87
1607777769461 0.44988553578425544 88
1607777769463 0.44826014277544535 89
1607777769464 0.4458153035269058 90
1607777769465 0.4436238363093118 91
1607777769467 0.4421510523738973 92
1607777769468 0.440019053193469 93
1607777769470 0.43779145640207484 94
1607777769471 0.43560894803121075 95
1607777769472 0.43449272116526555 96
1607777769474 0.43228876702145097 97
1607777769475 0.43001493090777815 98
1607777769477 0.4278164305811082 99
1607777769478 0.4267897211890816 100
1607777769479 0.4258367700185328 101
1607777769481 0.4237978339858525 102
1607777769482 0.4215913034643639 103
1607777769484 0.4206798659803276 104
1607777769485 0.4189213141859288 105
1607777769486 0.41692061273686787 106
1607777769488 0.41618155626525444 107
1607777769489 0.41433751924066836 108
1607777769491 0.4128155522462799 109
1607777769492 0.4119772630481437 110
1607777769493 0.41115084834578636 111
1607777769495 0.4101837372131379 112
1607777769496 0.40861800753078686 113
1607777769498 0.4066697661892593 114
1607777769499 0.40602173454411766 115
1607777769500 0.4044480744208914 116
1607777769502 0.402966700078657 117
1607777769503 0.4017753244243332 118
1607777769505 0.400879717767267 119
1607777769506 0.3995665755371151 120
1607777769507 0.39845013013427805 121
1607777769509 0.3976047227870846 122
1607777769510 0.39693041551902875 123
1607777769512 0.3951793686379294 124
1607777769513 0.3942736409464068 125
1607777769514 0.3936227146754795 126
1607777769516 0.39228449238277285 127
1607777769517 0.3904242274514025 128
1607777769519 0.38916635611789374 129
1607777769520 0.38816900989456526 130
1607777769522 0.3873241795730368 131
1607777769523 0.38582591752891693 132
1607777769525 0.38523415813217243 133
1607777769527 0.38367248124895653 134
1607777769528 0.38327819990566836 135
1607777769530 0.38262735442927454 136
1607777769531 0.38208104135250626 137
1607777769532 0.3809561907499015 138
1607777769534 0.37984329041339804 139
1607777769535 0.3786712812367248 140
1607777769537 0.37764606014586183 141
1607777769538 0.3771822858712907 142
1607777769540 0.3762027454765814 143
1607777769542 0.376006433980654 144
1607777769543 0.37489907920073723 145
1607777769545 0.3736754476867279 146
1607777769546 0.3728767287904336 147
1607777769547 0.3719937240781827 148
1607777769549 0.3714927040299143 149
1607777769550 0.3705059558831804 150
1607777769552 0.36924459106787144 151
1607777769553 0.36823485430821834 152
1607777769554 0.36729082882655967 153
1607777769556 0.36700553226657223 154
1607777769557 0.3659072433005664 155
1607777769558 0.365177675958958 156
1607777769560 0.36384299819840416 157
1607777769561 0.36341972288527025 158
1607777769563 0.362574440815825 159
1607777769564 0.36174877183049636 160
1607777769566 0.36063201617170315 161
1607777769567 0.36031269945950517 162
1607777769568 0.3599767275206746 163
1607777769570 0.3592231599006534 164
1607777769571 0.35853852631662575 165
1607777769573 0.3577386529238656 166
1607777769574 0.3571539100883643 167
1607777769575 0.35643473344555915 168
1607777769577 0.3559544820889013 169
1607777769579 0.35572074735942133 170
1607777769581 0.35462598986112914 171
1607777769583 0.3540718239208737 172
1607777769584 0.3533756064179714 173
1607777769586 0.35209350481465884 174
1607777769587 0.35144705239232665 175
1607777769588 0.35088077135551465 176
1607777769590 0.3497239703803923 177
1607777769592 0.3492473606606342 178
1607777769594 0.3487430287248724 179
1607777769595 0.3483763402533117 180
1607777769596 0.34720386971271816 181
1607777769598 0.3467597844649469 182
1607777769599 0.34638915944011694 183
1607777769601 0.3456623917696418 184
1607777769602 0.34479851005465445 185
1607777769603 0.3444712546734302 186
1607777769605 0.34362626170334576 187
1607777769606 0.34324570695737927 188
1607777769608 0.3421029204842561 189
1607777769609 0.34159472072175173 190
1607777769610 0.3412960469996933 191
1607777769612 0.3407947627084338 192
1607777769613 0.3400940137165152 193
1607777769615 0.3394869936760526 194
1607777769616 0.3393791712844391 195
1607777769617 0.3382933026152787 196
1607777769619 0.3373005579574284 197
1607777769620 0.3366309373960136 198
1607777769622 0.335513011182086 199
1607777769623 0.33462870136391126 200
1607777769624 0.3343567724182904 201
1607777769626 0.33424691595001377 202
1607777769627 0.3332287431509281 203
1607777769628 0.33218985725549316 204
1607777769630 0.3313840104743096 205
1607777769631 0.3308976518418067 206
1607777769633 0.32977358791486516 207
1607777769634 0.32912746572759954 208
1607777769635 0.32887645568688273 209
1607777769637 0.3278631242942223 210
1607777769638 0.3268449294392931 211
1607777769640 0.32663961550917464 212
1607777769641 0.3258391800140975 213
1607777769642 0.32522698900309627 214
1607777769644 0.3250763035994533 215
1607777769645 0.32419260582240816 216
1607777769647 0.3230801710099006 217
1607777769648 0.3228797232080039 218
1607777769649 0.32209492620220215 219
1607777769651 0.3214675536870438 220
1607777769652 0.3210742595112646 221
1607777769654 0.3206994318118071 222
1607777769655 0.3195787037985193 223
1607777769656 0.3185877579776523 224
1607777769658 0.3180028923126872 225
1607777769659 0.3176633881813582 226
1607777769661 0.317276197613711 227
1607777769662 0.31633293643205995 228
1607777769663 0.3152108562751842 229
1607777769665 0.31424791988224543 230
1607777769666 0.3135129688922408 231
1607777769668 0.31310914460102757 232
1607777769669 0.31290682819886967 233
1607777769670 0.3125284412578275 234
1607777769672 0.31232145816842755 235
1607777769673 0.3113347981766989 236
1607777769675 0.3106651529604702 237
1607777769676 0.3103996208780035 238
1607777769677 0.30940355341499987 239
1607777769679 0.30866080066621276 240
1607777769680 0.30842441483507116 241
1607777769682 0.30757989998837315 242
1607777769683 0.30703697280020525 243
1607777769684 0.30671051915243924 244
1607777769686 0.306377276928752 245
1607777769687 0.3059042757270024 246
1607777769688 0.3054907932642063 247
1607777769690 0.3047340790159754 248
1607777769691 0.30411920721412694 249
1607777769693 0.30381981454550994 250
1607777769694 0.303123620334563 251
1607777769696 0.30281429012492794 252
1607777769697 0.30247826360137076 253
1607777769698 0.3021920865620548 254
1607777769700 0.30146573025446605 255
1607777769701 0.3005488373447652 256
1607777769703 0.30033235560019145 257
1607777769704 0.29954288431785286 258
1607777769705 0.2989091817736307 259
1607777769707 0.2986313581288419 260
1607777769708 0.298497437923836 261
1607777769710 0.2981030841628508 262
1607777769711 0.29728142390599116 263
1607777769712 0.2967495041022555 264
1607777769714 0.29637779272687576 265
1607777769715 0.29615195694538504 266
1607777769717 0.29538853305581647 267
1607777769718 0.2948690486907429 268
1607777769719 0.2946572512630483 269
1607777769721 0.29447661684248516 270
1607777769722 0.2937120495670214 271
1607777769724 0.2929980713515327 272
1607777769725 0.29222292689219004 273
1607777769726 0.2916350167578898 274
1607777769728 0.29114022365488573 275
1607777769729 0.2902884710933401 276
1607777769731 0.28973350028785533 277
1607777769732 0.28961865643491463 278
1607777769733 0.28927805596112033 279
1607777769735 0.28902362364834805 280
1607777769736 0.2888070811082585 281
1607777769738 0.2882449529395551 282
1607777769739 0.2874986242773669 283
1607777769740 0.2869505577556347 284
1607777769742 0.28675638384366303 285
1607777769743 0.28615006624079 286
1607777769745 0.2852688396379424 287
1607777769746 0.28509170460058764 288
1607777769747 0.2845369243799207 289
1607777769749 0.2839552365684068 290
1607777769750 0.2836752473539302 291
1607777769751 0.2830411064215949 292
1607777769753 0.2823668040765378 293
1607777769754 0.28148434526414856 294
1607777769756 0.2813077248244303 295
1607777769757 0.2804787278484471 296
1607777769758 0.27967112115027015 297
1607777769760 0.27935698090886657 298
1607777769761 0.2789597206001706 299
1607777769763 0.2782942661539452 300
1607777769764 0.27812475065886316 301
1607777769766 0.2776809711514958 302
1607777769767 0.27692275984295467 303
1607777769768 0.2765778567169713 304
1607777769770 0.27647874079340934 305
1607777769771 0.27576331246667357 306
1607777769772 0.27536296195693916 307
1607777769774 0.27461574548429 308
1607777769775 0.2739582661604118 309
1607777769777 0.2733111313546943 310
1607777769778 0.27278747929645664 311
1607777769780 0.27267066562749076 312
1607777769781 0.2719827203126691 313
1607777769782 0.2717656107454111 314
1607777769784 0.2713464295121614 315
1607777769785 0.27091112890031527 316
1607777769786 0.2702352071566665 317
1607777769788 0.26946430555316137 318
1607777769789 0.2688592012889486 319
1607777769791 0.26866900031903035 320
1607777769792 0.26837561312170827 321
1607777769793 0.2680594425572816 322
1607777769795 0.2677174158625793 323
1607777769796 0.2675767743973045 324
1607777769798 0.26743905519179173 325
1607777769799 0.26684946112197555 326
1607777769800 0.2667325051264137 327
1607777769802 0.26641693396167193 328
1607777769804 0.26590034201014917 329
1607777769807 0.26546925474927563 330
1607777769810 0.2652850954592531 331
1607777769812 0.2647411221329304 332
1607777769814 0.2641826367632245 333
1607777769817 0.26349605749111477 334
1607777769820 0.2629184893626573 335
1607777769823 0.26225222528451425 336
1607777769825 0.26167282378757367 337
1607777769828 0.2613449395887324 338
1607777769830 0.2607364129013788 339
1607777769832 0.2600590561218259 340
1607777769834 0.25965476503768903 341
1607777769835 0.25928291600454234 342
1607777769837 0.2587193301956247 343
1607777769838 0.25850511945321797 344
1607777769840 0.2579437619671174 345
1607777769842 0.25735980505795597 346
1607777769844 0.25702799285145506 347
1607777769845 0.25665638993037215 348
1607777769847 0.25623815040510806 349
1607777769849 0.2560700418797333 350
1607777769850 0.25540486334969664 351
1607777769852 0.25469301798390975 352
1607777769853 0.25415405627099646 353
1607777769855 0.2540143550310755 354
1607777769856 0.25357320328256394 355
1607777769858 0.2529707501103054 356
1607777769859 0.2524343062297395 357
1607777769861 0.25185720929890115 358
1607777769862 0.25139418316900886 359
1607777769864 0.2509049801245174 360
1607777769865 0.250409380040642 361
1607777769867 0.2502882846337022 362
1607777769868 0.2501903903307433 363
1607777769870 0.2497970562870649 364
1607777769872 0.2492695372175531 365
1607777769874 0.24868157615609 366
1607777769876 0.24810096975926743 367
1607777769879 0.24761659576969572 368
1607777769881 0.24725807050051393 369
1607777769885 0.24710943291198736 370
1607777769887 0.24702047400265634 371
1607777769888 0.24648447805004936 372
1607777769890 0.2458046868528677 373
1607777769891 0.2456914188133819 374
1607777769893 0.2452398448763581 375
1607777769895 0.24503811495044112 376
1607777769896 0.24494342909639558 377
1607777769897 0.24459691168210204 378
1607777769899 0.24403250641807875 379
1607777769900 0.24385596680245236 380
1607777769902 0.24334817793306254 381
1607777769903 0.2432731130054852 382
1607777769905 0.2430766829054566 383
1607777769906 0.2429504892274933 384
1607777769907 0.242894381938101 385
1607777769909 0.24232081759343121 386
1607777769910 0.24189096463517032 387
1607777769912 0.24172152596481866 388
1607777769914 0.2414453460856156 389
1607777769915 0.2411855348605992 390
1607777769917 0.24069874088365248 391
1607777769918 0.24019443035462995 392
1607777769920 0.23974796965683945 393
1607777769922 0.23940547902585102 394
1607777769923 0.23932505838617704 395
1607777769924 0.23884107440682706 396
1607777769926 0.2382177310063223 397
1607777769927 0.237974283141249 398
1607777769929 0.23750194417031573 399
1607777769930 0.23685692321291812 400
1607777769932 0.23667915827790198 401
1607777769933 0.23625463650281406 402
1607777769935 0.23577745522058152 403
1607777769936 0.2356686461906959 404
1607777769937 0.23557586723463309 405
1607777769939 0.23537013676880825 406
1607777769940 0.23524943219343752 407
1607777769942 0.23488915145540218 408
1607777769943 0.23466026950430313 409
1607777769945 0.23457547964757472 410
1607777769946 0.23425461586684398 411
1607777769947 0.23370673093226965 412
1607777769949 0.23323914837273577 413
1607777769950 0.23268777053178658 414
1607777769952 0.2324981216874042 415
1607777769953 0.2319821729890969 416
1607777769954 0.2317059528399827 417
1607777769956 0.2316266318892437 418
1607777769957 0.23105506859175953 419
1607777769959 0.23100358987887615 420
1607777769960 0.23067448026827023 421
1607777769961 0.23040974144296758 422
1607777769963 0.22997646107571112 423
1607777769964 0.22943753498190375 424
1607777769966 0.22898484145133627 425
1607777769967 0.22877195443988083 426
1607777769969 0.2283423256245595 427
1607777769970 0.22800443479199184 428
1607777769971 0.2275101185052158 429
1607777769973 0.22695717564436946 430
1607777769974 0.22671317404004404 431
1607777769976 0.2261975648741846 432
1607777769977 0.22568276391579614 433
1607777769979 0.22530323391365195 434
1607777769980 0.22488366027029338 435
1607777769981 0.22442818523255173 436
1607777769983 0.22400935128393704 437
1607777769984 0.22377552335658385 438
1607777769986 0.22330329368351443 439
1607777769987 0.2230961419550376 440
1607777769988 0.22288767018478142 441
1607777769990 0.22279061948076173 442
1607777769991 0.2223206610616325 443
1607777769993 0.22191888747692232 444
1607777769994 0.22176179780707655 445
1607777769996 0.221379799518654 446
1607777769997 0.2213297540403193 447
1607777769998 0.2211808924579179 448
1607777770000 0.22077751647965457 449
1607777770001 0.2205418303113484 450
1607777770003 0.22015653912891844 451
1607777770004 0.21980504550612495 452
1607777770006 0.21962227547921062 453
1607777770007 0.21939532887322938 454
1607777770008 0.21898203533998348 455
1607777770010 0.21864840187909548 456
1607777770011 0.21833814499054185 457
1607777770013 0.21819484527538494 458
1607777770014 0.21762160749931586 459
1607777770015 0.21717086144016498 460
1607777770017 0.21700160768144916 461
1607777770018 0.2166039768913845 462
1607777770020 0.2161657511082495 463
1607777770021 0.21560807523804087 464
1607777770022 0.215069982198512 465
1607777770024 0.21488796827237894 466
1607777770025 0.2143830728734709 467
1607777770027 0.21393407966896066 468
1607777770028 0.21387967772654115 469
1607777770030 0.2135960376363283 470
1607777770031 0.2132449033550092 471
1607777770032 0.2131351157411933 472
1607777770034 0.2125940238502992 473
1607777770035 0.212406707682696 474
1607777770037 0.21230528199869675 475
1607777770038 0.212141011781405 476
1607777770039 0.2117112328070866 477
1607777770041 0.21135331649797492 478
1607777770042 0.21104852517128203 479
1607777770044 0.210689913586515 480
1607777770045 0.21024262586406547 481
1607777770047 0.20973274827967836 482
1607777770048 0.20951404784839492 483
1607777770049 0.20932230764762075 484
1607777770051 0.20886018937209716 485
1607777770052 0.20856522295065014 486
1607777770054 0.2085034692944723 487
1607777770055 0.20806859435165911 488
1607777770057 0.20802598614467122 489
1607777770058 0.20761631754665816 490
1607777770059 0.20754264794756355 491
1607777770061 0.20725434087640393 492
1607777770062 0.20690524131793603 493
1607777770064 0.20682681718360985 494
1607777770065 0.20672744954691014 495
1607777770067 0.2063184041866612 496
1607777770068 0.20597282043009527 497
1607777770069 0.20560666379220044 498
1607777770071 0.20531726472074655 499
1607777770072 0.20517069946853694 500
1607777770074 0.2048195874573659 501
1607777770075 0.2047631888689306 502
1607777770077 0.2045412134850414 503
1607777770078 0.2041795443356223 504
1607777770079 0.2040625546917842 505
1607777770081 0.20370136870080893 506
1607777770082 0.2032857890630438 507
1607777770084 0.2032297700239511 508
1607777770085 0.20309681026884202 509
1607777770087 0.20265220732840536 510
1607777770088 0.20215396959017073 511
1607777770089 0.20210945535178113 512
1607777770091 0.201959554539182 513
1607777770092 0.201675583698616 514
1607777770094 0.20131980629931093 515
1607777770095 0.20093440421627123 516
1607777770096 0.20083501549323285 517
1607777770098 0.20049831518884223 518
1607777770099 0.2001018769051725 519
1607777770101 0.19959089928261517 520
1607777770102 0.1993544033352314 521
1607777770104 0.198933714606009 522
1607777770105 0.1986253816426662 523
1607777770106 0.19815710990865484 524
1607777770108 0.19791705188790848 525
1607777770109 0.1975469743647214 526
1607777770111 0.19726117393893294 527
1607777770112 0.19685939278789436 528
1607777770114 0.19644754764858693 529
1607777770115 0.196061161461073 530
1607777770116 0.19567509899246707 531
1607777770118 0.19522569926148142 532
1607777770119 0.19488147233582945 533
1607777770121 0.19445324194749025 534
1607777770122 0.19406779101834903 535
1607777770124 0.19392639912255644 536
1607777770125 0.19371299781524137 537
1607777770126 0.19346986161211036 538
1607777770128 0.19310920369907464 539
1607777770129 0.1927187467606776 540
1607777770131 0.19248196529955894 541
1607777770132 0.1921433930329476 542
1607777770134 0.1920031040267389 543
1607777770135 0.19194834916100054 544
1607777770136 0.19149630991555774 545
1607777770138 0.19116921252020092 546
1607777770139 0.19112379494468607 547
1607777770141 0.19078257470712146 548
1607777770142 0.19071015084732498 549
1607777770143 0.19029829008601074 550
1607777770145 0.18988905112811275 551
1607777770146 0.1895001209453575 552
1607777770148 0.18897926783246383 553
1607777770149 0.18863275310003522 554
1607777770151 0.18825322297430183 555
1607777770152 0.18818610065399266 556
1607777770154 0.1878870345711783 557
1607777770155 0.18755781294670654 558
1607777770157 0.18716146827036884 559
1607777770158 0.1868280927177531 560
1607777770159 0.18672936854201652 561
1607777770161 0.18629366728336486 562
1607777770162 0.1859057007474623 563
1607777770164 0.18560228427531802 564
1607777770165 0.18528701192326164 565
1607777770166 0.18493664385086306 566
1607777770168 0.18455354700881008 567
1607777770169 0.18434647921882688 568
1607777770171 0.18399183266123534 569
1607777770172 0.18388267156977492 570
1607777770173 0.18357538883860372 571
1607777770175 0.18342100673684625 572
1607777770176 0.1830377055249288 573
1607777770178 0.18299357660991122 574
1607777770179 0.18274347199897514 575
1607777770181 0.18260342453063005 576
1607777770182 0.18251655132163078 577
1607777770183 0.18215855976673892 578
1607777770185 0.18184815565652418 579
1607777770186 0.18152423849140345 580
1607777770188 0.1810915764223455 581
1607777770189 0.18097037740158012 582
1607777770190 0.18084952091526996 583
1607777770192 0.18048655051595935 584
1607777770193 0.18034067730446718 585
1607777770195 0.17996298396541968 586
1607777770196 0.17967291597212134 587
1607777770198 0.17950972044678704 588
1607777770199 0.17935345569965122 589
1607777770200 0.17903672824510689 590
1607777770202 0.1788856191057705 591
1607777770203 0.17876133289472323 592
1607777770205 0.1786673113736003 593
1607777770206 0.17854043487726193 594
1607777770207 0.1782163689778596 595
1607777770209 0.1779390514604011 596
1607777770210 0.17782605124555925 597
1607777770212 0.17746446426375567 598
1607777770213 0.17731350133002297 599
1607777770214 0.1772736564993751 600
1607777770216 0.17718296805610864 601
1607777770217 0.1769928480446906 602
1607777770219 0.1766340041995344 603
1607777770220 0.17640051566687032 604
1607777770221 0.17637345621763564 605
1607777770223 0.17618654519342594 606
1607777770224 0.17583819739675116 607
1607777770226 0.17553000460022694 608
1607777770227 0.17537858226383019 609
1607777770228 0.1750278460741265 610
1607777770230 0.1748512896806209 611
1607777770231 0.17470242678994674 612
1607777770232 0.17454495746913187 613
1607777770234 0.1742289912993188 614
1607777770235 0.17408996937810844 615
1607777770237 0.17398358456305946 616
1607777770238 0.1737908846295466 617
1607777770240 0.17346724735860078 618
1607777770241 0.17318427094246697 619
1607777770242 0.17286833125388995 620
1607777770244 0.17253301806307755 621
1607777770245 0.172358133019379 622
1607777770247 0.17215031911987047 623
1607777770248 0.17199974846163235 624
1607777770249 0.17179952813970734 625
1607777770251 0.1716686736083419 626
1607777770252 0.17151188108189713 627
1607777770254 0.17147829633692416 628
1607777770255 0.17112486814083472 629
1607777770257 0.17080835083084997 630
1607777770258 0.17041460140022005 631
1607777770259 0.17011276577181675 632
1607777770261 0.16992364156588116 633
1607777770262 0.16986237435142415 634
1607777770264 0.16948943167862673 635
1607777770265 0.1693224577090835 636
1607777770266 0.16896784426233885 637
1607777770268 0.16866158343608376 638
1607777770269 0.16837661546171664 639
1607777770271 0.168158138777663 640
1607777770272 0.16803392574757747 641
1607777770274 0.16774351325508097 642
1607777770275 0.1673933342182515 643
1607777770276 0.16705452469114504 644
1607777770278 0.1670224552328146 645
1607777770279 0.16672289560690076 646
1607777770281 0.16661051569789345 647
1607777770282 0.16642046601172777 648
1607777770283 0.16602242821074162 649
1607777770285 0.16583856004102118 650
1607777770286 0.16550899202315764 651
1607777770288 0.16547965013492946 652
1607777770289 0.16535856469823207 653
1607777770290 0.1650861568817859 654
1607777770292 0.16473189872970656 655
1607777770293 0.16445007556405064 656
1607777770295 0.16429392175241242 657
1607777770296 0.16407630701783077 658
1607777770298 0.16401549136725832 659
1607777770299 0.16378605275947605 660
1607777770300 0.16350154273729534 661
1607777770302 0.16333233579735779 662
1607777770303 0.16293246215928653 663
1607777770305 0.16263987104701055 664
1607777770306 0.1623450723791985 665
1607777770307 0.16197418470279454 666
1607777770309 0.16185617274217698 667
1607777770310 0.16167799115522602 668
1607777770312 0.1613306117404481 669
1607777770313 0.16116071241740948 670
1607777770314 0.1610320189655812 671
1607777770316 0.1608529600393406 672
1607777770317 0.16051830934086497 673
1607777770319 0.1604508207664698 674
1607777770320 0.160377135652551 675
1607777770321 0.1600389806460004 676
1607777770323 0.15979683119660806 677
1607777770324 0.15950484909234366 678
1607777770326 0.15917453373548582 679
1607777770327 0.15890568792526863 680
1607777770329 0.15863575171158592 681
1607777770330 0.15839367130629856 682
1607777770331 0.15814339569203906 683
1607777770333 0.15807658196383922 684
1607777770334 0.15804379068019084 685
1607777770336 0.15776634448359114 686
1607777770337 0.15774048093282672 687
1607777770338 0.15746946213540522 688
1607777770340 0.15715395114796576 689
1607777770341 0.15707550732110268 690
1607777770343 0.15679937906186273 691
1607777770344 0.1566204179816872 692
1607777770345 0.15649294170635653 693
1607777770347 0.15619806332468694 694
1607777770348 0.15593279068861068 695
1607777770350 0.15589819112902084 696
1607777770351 0.1558378412899489 697
1607777770352 0.15565207647022225 698
1607777770354 0.15533743169099187 699
1607777770355 0.15509506356789812 700
1607777770356 0.15507274656906544 701
1607777770358 0.15481424120817983 702
1607777770359 0.1545729113663085 703
1607777770361 0.1542902190372762 704
1607777770362 0.15400687423256348 705
1607777770363 0.15370167476359 706
1607777770365 0.15346378946851558 707
1607777770366 0.15313235374445916 708
1607777770368 0.15289370868945903 709
1607777770369 0.1527631065905992 710
1607777770370 0.15265573006067193 711
1607777770372 0.15240084048435962 712
1607777770373 0.1521879513651296 713
1607777770375 0.15200201412375539 714
1607777770376 0.15173293763399168 715
1607777770378 0.1514523170081135 716
1607777770379 0.15117603265198845 717
1607777770380 0.1509367100933075 718
1607777770382 0.15071447236561225 719
1607777770383 0.15059770481414006 720
1607777770385 0.15028701144012177 721
1607777770386 0.1500922894826652 722
1607777770387 0.14986166024556857 723
1607777770389 0.1495672186620592 724
1607777770390 0.14949432071371996 725
1607777770392 0.1494455758406255 726
1607777770393 0.1493009823164861 727
1607777770394 0.14913879161082183 728
1607777770396 0.1487913128389363 729
1607777770397 0.1485801057316506 730
1607777770399 0.14833839199566223 731
1607777770400 0.1480313690232611 732
1607777770401 0.14792186665789855 733
1607777770403 0.14785495301616983 734
1607777770404 0.14759004814150264 735
1607777770406 0.14749947393244944 736
1607777770407 0.14721991183653169 737
1607777770408 0.14704955914736673 738
1607777770410 0.14683231180434855 739
1607777770411 0.14652051846955813 740
1607777770412 0.14625026081297884 741
1607777770414 0.1460947091055175 742
1607777770415 0.14585217817780066 743
1607777770417 0.14568803516190498 744
1607777770418 0.14563151590016823 745
1607777770419 0.14549952862046533 746
1607777770421 0.14524935332418665 747
1607777770422 0.1450972967373676 748
1607777770424 0.14481156488376218 749
1607777770425 0.14458332792418685 750
1607777770426 0.14448084131582004 751
1607777770428 0.14422690793732296 752
1607777770429 0.14399812592886713 753
1607777770431 0.14374392182084153 754
1607777770432 0.14358418594295344 755
1607777770433 0.14329743389870722 756
1607777770435 0.1430424741978292 757
1607777770436 0.1428229933269852 758
1607777770438 0.14269672354082383 759
1607777770439 0.14250399549327386 760
1607777770440 0.142296241822834 761
1607777770442 0.1420780185783702 762
1607777770443 0.14188117412507945 763
1607777770445 0.14163698849361245 764
1607777770447 0.1414591919027085 765
1607777770448 0.1414276411401636 766
1607777770449 0.14129604170288038 767
1607777770451 0.14102799414095374 768
1607777770452 0.14099943273870738 769
1607777770454 0.14096585195969064 770
1607777770455 0.14083427349768357 771
1607777770456 0.14062999546320096 772
1607777770458 0.14047976125083886 773
1607777770459 0.14024740160024068 774
1607777770461 0.14019927254684691 775
1607777770462 0.13989151461384036 776
1607777770463 0.13976844105077407 777
1607777770465 0.13952770397110817 778
1607777770466 0.13937563176374468 779
1607777770468 0.13928030239983866 780
1607777770469 0.13914206473624074 781
1607777770470 0.13889002142465304 782
1607777770472 0.13860841471548394 783
1607777770473 0.1385647380365352 784
1607777770475 0.13832123566230567 785
1607777770476 0.13814195524848558 786
1607777770477 0.13788576043969147 787
1607777770479 0.13785822463635244 788
1607777770480 0.13761335837419994 789
1607777770482 0.13757103339674223 790
1607777770483 0.13736174367903475 791
1607777770484 0.13713598187740236 792
1607777770486 0.13708707129201325 793
1607777770487 0.1368441146872305 794
1607777770488 0.1366434588705683 795
1607777770490 0.13643062267987577 796
1607777770491 0.1362524449131789 797
1607777770493 0.13597619300703878 798
1607777770494 0.13573629306000853 799
1607777770495 0.13559648030520083 800
1607777770497 0.1353149822295857 801
1607777770498 0.1351054559800293 802
1607777770499 0.13500774838082447 803
1607777770501 0.13479878604601525 804
1607777770502 0.13451847458398142 805
1607777770504 0.13449224549446592 806
1607777770505 0.13422421555463543 807
1607777770506 0.13417588252544843 808
1607777770508 0.13415645292863745 809
1607777770509 0.13395991064157575 810
1607777770511 0.1338442594014696 811
1607777770512 0.13359878101053407 812
1607777770513 0.13337509702543549 813
1607777770515 0.13334267815540293 814
1607777770516 0.13311203550205514 815
1607777770518 0.13284936297780567 816
1607777770519 0.13279120617347212 817
1607777770520 0.13263185837127814 818
1607777770522 0.1323908602125047 819
1607777770523 0.13233683607448815 820
1607777770524 0.1322987077071964 821
1607777770526 0.13225252303115184 822
1607777770527 0.13198288898498112 823
1607777770529 0.13195140718292003 824
1607777770530 0.13192171907141365 825
1607777770532 0.13172007396871202 826
1607777770533 0.13150975396400885 827
1607777770534 0.13130414878109836 828
1607777770536 0.1312307899456777 829
1607777770537 0.13120118553419272 830
1607777770538 0.13116549435716798 831
1607777770540 0.1309208737088529 832
1607777770541 0.13067836126854654 833
1607777770543 0.13056642528420198 834
1607777770544 0.13035535901355963 835
1607777770546 0.13013931658007447 836
1607777770547 0.12998683957920068 837
1607777770548 0.12995865632905754 838
1607777770550 0.12971756483458824 839
1607777770551 0.12953067487538128 840
1607777770552 0.12939919505260408 841
1607777770554 0.1292226440636813 842
1607777770555 0.12912187354711627 843
1607777770557 0.12908990595558548 844
1607777770558 0.12901523724783218 845
1607777770559 0.12883679764533532 846
1607777770561 0.12866441511305116 847
1607777770562 0.12849468594066213 848
1607777770564 0.1282950199462834 849
1607777770565 0.12818933141518843 850
1607777770566 0.1280573171659736 851
1607777770568 0.1278577508870154 852
1607777770569 0.12772678568144694 853
1607777770571 0.12751762128103958 854
1607777770572 0.12738519467632267 855
1607777770573 0.12724265289049277 856
1607777770575 0.12702948644976567 857
1607777770576 0.1269018918912576 858
1607777770578 0.12687465790592709 859
1607777770579 0.12658645204526797 860
1607777770580 0.12636903445524886 861
1607777770582 0.12620936669254873 862
1607777770583 0.12598840129263472 863
1607777770585 0.12581778466537735 864
1607777770586 0.1255921319706223 865
1607777770587 0.12537045520416348 866
1607777770589 0.12519806961352378 867
1607777770590 0.12516699955138605 868
1607777770592 0.12505089727694985 869
1607777770593 0.12495575860863135 870
1607777770594 0.12482237300061608 871
1607777770596 0.12462022483829262 872
1607777770597 0.12447824262720819 873
1607777770599 0.12431652152043572 874
1607777770600 0.12422001328961466 875
1607777770601 0.12412401227717129 876
1607777770603 0.12408625632435064 877
1607777770604 0.12387911337420122 878
1607777770606 0.1237303729481606 879
1607777770607 0.12364145815408839 880
1607777770609 0.12362837538194947 881
1607777770610 0.12350158040945931 882
1607777770611 0.12328582242366787 883
1607777770613 0.12309757519335404 884
1607777770614 0.1229646938725887 885
1607777770616 0.12272874193280012 886
1607777770617 0.1225164342249739 887
1607777770619 0.1223307636538805 888
1607777770620 0.12213232961902737 889
1607777770621 0.12195994928307766 890
1607777770623 0.12194129628612946 891
1607777770624 0.12172862870283559 892
1607777770626 0.12151448192016441 893
1607777770627 0.12137062356149124 894
1607777770628 0.12119579664647473 895
1607777770630 0.12109107988433618 896
1607777770631 0.12101562597814447 897
1607777770633 0.12087778778174263 898
1607777770634 0.12068861246627477 899
1607777770636 0.12059677981085096 900
1607777770637 0.12046421054362982 901
1607777770638 0.12032952121484776 902
1607777770640 0.1202017597272925 903
1607777770641 0.12007226402976047 904
1607777770643 0.11987228944475091 905
1607777770644 0.11969738971575845 906
1607777770645 0.11947622479113468 907
1607777770647 0.11928314362108587 908
1607777770648 0.11910406140736604 909
1607777770650 0.11893435699052024 910
1607777770651 0.11875097639396516 911
1607777770653 0.1185441440736356 912
1607777770654 0.11834966114834125 913
1607777770655 0.11823602191166792 914
1607777770657 0.11803645591506465 915
1607777770658 0.11784544870307788 916
1607777770660 0.1176737199530677 917
1607777770661 0.11743314476927634 918
1607777770662 0.11723992943556884 919
1607777770664 0.11718415164725937 920
1607777770665 0.11707077563377154 921
1607777770667 0.11684191771445622 922
1607777770668 0.11659692036222676 923
1607777770670 0.11643425806996194 924
1607777770671 0.11618641982086751 925
1607777770672 0.11612674682676442 926
1607777770674 0.11600674530320365 927
1607777770675 0.11596145059799726 928
1607777770677 0.11592691457400567 929
1607777770678 0.11589075989483849 930
1607777770680 0.11584115606190554 931
1607777770681 0.1156544636036897 932
1607777770683 0.11563023451025282 933
1607777770684 0.11543108922526378 934
1607777770686 0.11524618731378843 935
1607777770687 0.11513713518353598 936
1607777770689 0.11496636608624884 937
1607777770690 0.11477974623532763 938
1607777770692 0.11469865156637467 939
1607777770694 0.11453858707836835 940
1607777770695 0.1143150809949209 941
1607777770696 0.11420333486305492 942
1607777770698 0.1141720398834262 943
1607777770699 0.11406409754661706 944
1607777770701 0.11392717740839726 945
1607777770703 0.11385239573941236 946
1607777770704 0.1136788438226214 947
1607777770706 0.11351172930813641 948
1607777770708 0.11345568529732417 949
1607777770709 0.11343103432966506 950
1607777770711 0.1132400570052857 951
1607777770712 0.1131805823990289 952
1607777770714 0.11311229781420823 953
1607777770715 0.1128933939195812 954
1607777770716 0.1127456482589046 955
1607777770718 0.11265197007963126 956
1607777770719 0.11254567751770041 957
1607777770721 0.11238346602430163 958
1607777770722 0.11228421376777768 959
1607777770723 0.11218451046170769 960
1607777770725 0.11204872386612448 961
1607777770726 0.11188720179885703 962
1607777770728 0.11169212600459816 963
1607777770729 0.11160062823170387 964
1607777770731 0.11138609938168006 965
1607777770732 0.11129886301099141 966
1607777770733 0.11111385929923093 967
1607777770735 0.1110475332817016 968
1607777770736 0.111021530427199 969
1607777770738 0.11087613506258316 970
1607777770739 0.11077136920652789 971
1607777770740 0.11061442235278299 972
1607777770742 0.11044207494756911 973
1607777770743 0.11033999371702274 974
1607777770745 0.11019152821205001 975
1607777770746 0.11001525079880367 976
1607777770747 0.10995634987479838 977
1607777770749 0.10978554729882577 978
1607777770750 0.10963848219704717 979
1607777770752 0.10946236407795926 980
1607777770753 0.10939941895645883 981
1607777770754 0.10930644028505708 982
1607777770756 0.10927471356841378 983
1607777770757 0.10912310494987894 984
1607777770759 0.10910350841667235 985
1607777770760 0.10888491714013232 986
1607777770761 0.10874975917924273 987
1607777770763 0.10871937811556086 988
1607777770764 0.10869967224851722 989
1607777770766 0.10858009219212278 990
1607777770767 0.10843048482821209 991
1607777770768 0.10832455999610714 992
1607777770770 0.10812097276517703 993
1607777770771 0.10795373383259842 994
1607777770773 0.1077678375090642 995
1607777770774 0.10771699858522253 996
1607777770775 0.10769425938918482 997
1607777770777 0.10751071244080515 998
1607777770778 0.1074275617547106 999
1607777770782 0.1074275617547106 1000
