1607777763516 1.931871514581474 0
1607777763518 1.849124232168726 1
1607777763520 1.7708037968553396 2
1607777763522 1.6970108978258243 3
1607777763524 1.6272408509584195 4
1607777763525 1.5614036067052148 5
1607777763528 1.4993981875246265 6
1607777763529 1.441179147217374 7
1607777763530 1.3860673165659956 8
1607777763532 1.3339932315226997 9
1607777763533 1.2850343713575159 10
1607777763535 1.2388958253288709 11
1607777763537 1.1954448138113205 12
1607777763538 1.1544667662058778 13
1607777763540 1.1162329954176906 14
1607777763541 1.0799850616424111 15
1607777763543 1.0458896610962567 16
1607777763545 1.013805935583556 17
1607777763547 0.9836517808697324 18
1607777763548 0.9554259620513263 19
1607777763549 0.9289343281874474 20
1607777763551 0.9039942027790591 21
1607777763552 0.8806819344693302 22
1607777763554 0.8587155488574225 23
1607777763555 0.8383552775231968 24
1607777763556 0.819022959266547 25
1607777763558 0.8007104185325904 26
1607777763559 0.7837974184283727 27
1607777763561 0.7679439622101528 28
1607777763563 0.7530306019048405 29
1607777763564 0.7388202157342196 30
1607777763566 0.7247816972744068 31
1607777763567 0.7126902171500044 32
1607777763568 0.7009402073283059 33
1607777763570 0.6898479581314196 34
1607777763571 0.6791695061830513 35
1607777763573 0.6688085389422939 36
1607777763574 0.6589991968839064 37
1607777763575 0.6500297382584117 38
1607777763577 0.6413814488520896 39
1607777763579 0.6330450628374689 40
1607777763580 0.6253975752508387 41
1607777763582 0.6176978270490104 42
1607777763583 0.6101810612292692 43
1607777763585 0.6030342271066498 44
1607777763586 0.5965808908934167 45
1607777763587 0.5900684592989778 46
1607777763589 0.583721820305468 47
1607777763590 0.5779359016312179 48
1607777763592 0.572483334014968 49
1607777763593 0.5671503917838064 50
1607777763595 0.5618999359792892 51
1607777763596 0.5562134396955238 52
1607777763598 0.5511973323472829 53
1607777763599 0.5464286585091149 54
1607777763601 0.5414471647229385 55
1607777763602 0.5371191119253909 56
1607777763604 0.5321672523547687 57
1607777763605 0.5279993707691559 58
1607777763606 0.5238147336221154 59
1607777763608 0.5203111188779151 60
1607777763609 0.5163617674403206 61
1607777763611 0.5127491060776281 62
1607777763613 0.5092188963963378 63
1607777763614 0.5060827166631632 64
1607777763616 0.5028931085185575 65
1607777763617 0.4992112248992209 66
1607777763618 0.49604478571920013 67
1607777763620 0.49268963637165425 68
1607777763621 0.4894869380836172 69
1607777763623 0.4861127859876102 70
1607777763624 0.4831552415820023 71
1607777763626 0.4795807836421083 72
1607777763627 0.4766645097850505 73
1607777763629 0.4737880402086217 74
1607777763630 0.4705797770999237 75
1607777763632 0.4678503899685202 76
1607777763633 0.46561464115160606 77
1607777763635 0.46314737465314243 78
1607777763636 0.46058621065250127 79
1607777763637 0.45844581476650637 80
1607777763639 0.45594584668355986 81
1607777763640 0.45352481905361125 82
1607777763642 0.45160959444827203 83
1607777763643 0.44969800277495 84
1607777763645 0.4479199787195911 85
1607777763646 0.4462965718492669 86
1607777763648 0.4444328606742654 87
1607777763649 0.4419156987811668 88
1607777763650 0.4405028448195946 89
1607777763652 0.4381424558771217 90
1607777763653 0.4359554530094005 91
1607777763655 0.4339527368222369 92
1607777763656 0.43190564026776623 93
1607777763657 0.42994248388057177 94
1607777763659 0.4283196310648052 95
1607777763660 0.426223927269806 96
1607777763662 0.42528773349922794 97
1607777763663 0.4233228416429325 98
1607777763665 0.42197757283454546 99
1607777763666 0.4202239128921486 100
1607777763668 0.41914171641992953 101
1607777763669 0.4180104256859698 102
1607777763670 0.4170119081768083 103
1607777763672 0.4153704523659767 104
1607777763673 0.4141523671256443 105
1607777763675 0.41277902260582305 106
1607777763676 0.41088518339647134 107
1607777763678 0.4092553987259618 108
1607777763679 0.40815083254159873 109
1607777763680 0.4068500422799007 110
1607777763682 0.4055041704707351 111
1607777763683 0.4044171971930475 112
1607777763685 0.40281395556669897 113
1607777763686 0.4016573051569879 114
1607777763688 0.40014171069325233 115
1607777763689 0.39933314452736884 116
1607777763690 0.3984661736506935 117
1607777763692 0.3968592539072601 118
1607777763693 0.3959350197789107 119
1607777763695 0.39423712872034916 120
1607777763696 0.39238137506588217 121
1607777763698 0.39087848465538955 122
1607777763699 0.38919702395634526 123
1607777763700 0.38805116194889816 124
1607777763702 0.38693862779273935 125
1607777763703 0.38551100710475383 126
1607777763705 0.38463758467947123 127
1607777763706 0.38348263569240265 128
1607777763708 0.3828063958911086 129
1607777763709 0.3818267232127961 130
1607777763711 0.3811608972960859 131
1607777763712 0.3801718200720284 132
1607777763713 0.3788038848223364 133
1607777763715 0.3771656359654738 134
1607777763716 0.3761648990956557 135
1607777763718 0.375309967638228 136
1607777763719 0.37430073692797294 137
1607777763720 0.37307298157262286 138
1607777763722 0.372027240996744 139
1607777763723 0.3713233528731939 140
1607777763725 0.3709518765329812 141
1607777763726 0.3700294552349347 142
1607777763728 0.3684273362693572 143
1607777763729 0.3675930468342771 144
1607777763731 0.3663044882621956 145
1607777763732 0.36554611192838177 146
1607777763733 0.3645614356862357 147
1607777763735 0.3639227550913691 148
1607777763736 0.36318246138488575 149
1607777763738 0.3626041958421382 150
1607777763739 0.3617082917535985 151
1607777763740 0.36113672013734716 152
1607777763742 0.36056662636553344 153
1607777763743 0.3595616098060167 154
1607777763745 0.35887547113208434 155
1607777763746 0.3577930069010544 156
1607777763748 0.3570440646967222 157
1607777763749 0.3564502349205898 158
1607777763750 0.35593334647243724 159
1607777763752 0.3553095441490717 160
1607777763753 0.35465857520987143 161
1607777763755 0.3538435804072365 162
1607777763756 0.3529095777347777 163
1607777763758 0.3525161990199748 164
1607777763759 0.3516203896168271 165
1607777763761 0.35103785622227607 166
1607777763762 0.34988494366341866 167
1607777763763 0.3489392240229133 168
1607777763765 0.34819742904502765 169
1607777763766 0.34743535529353325 170
1607777763768 0.34623048058473715 171
1607777763769 0.34556490261239126 172
1607777763770 0.3441139660042965 173
1607777763772 0.3432720061257536 174
1607777763773 0.3425628735090727 175
1607777763775 0.34175718317668197 176
1607777763776 0.34103395646881846 177
1607777763778 0.34040255764881183 178
1607777763779 0.33919452304495706 179
1607777763780 0.33848134115476963 180
1607777763782 0.3377893211427575 181
1607777763783 0.33641928204847243 182
1607777763785 0.3356352214061131 183
1607777763786 0.33488940283051083 184
1607777763787 0.33434078193660305 185
1607777763789 0.33366903502909545 186
1607777763790 0.33263454783222296 187
1607777763792 0.33187810237473603 188
1607777763793 0.33128346694973243 189
1607777763795 0.33053112023645453 190
1607777763796 0.3297669611576347 191
1607777763797 0.3294229494572929 192
1607777763799 0.3288507390801055 193
1607777763800 0.32847772737402897 194
1607777763802 0.32791234429032784 195
1607777763803 0.3269537718573101 196
1607777763805 0.32642842348533446 197
1607777763806 0.3258954121664899 198
1607777763807 0.3253943752750169 199
1607777763809 0.32419858904986343 200
1607777763810 0.32373421386457296 201
1607777763812 0.32325358660426673 202
1607777763813 0.32292672535759553 203
1607777763815 0.3218186369623333 204
1607777763816 0.32101805859256477 205
1607777763817 0.31990459833541723 206
1607777763819 0.3190153912288513 207
1607777763820 0.3180419086549907 208
1607777763822 0.317435975526022 209
1607777763823 0.3163254173717816 210
1607777763824 0.31550830329371216 211
1607777763826 0.31487637672891566 212
1607777763827 0.31382617165602605 213
1607777763829 0.3133139457333317 214
1607777763830 0.3127649432616856 215
1607777763832 0.3116925779477005 216
1607777763833 0.31124815924456906 217
1607777763834 0.31065397730770494 218
1607777763836 0.30975928301395456 219
1607777763837 0.3089748923606388 220
1607777763839 0.30828300453728547 221
1607777763840 0.30763878218187246 222
1607777763842 0.3066532912206029 223
1607777763843 0.30567482265741003 224
1607777763845 0.3049152609726885 225
1607777763846 0.3046254706124437 226
1607777763848 0.30394109558706334 227
1607777763849 0.3034718350079758 228
1607777763850 0.3026309065038858 229
1607777763852 0.30192634895373976 230
1607777763853 0.30161536860440974 231
1607777763855 0.3012278206096129 232
1607777763856 0.3002332795304474 233
1607777763857 0.2992764095680518 234
1607777763859 0.29850842927002313 235
1607777763860 0.2978796040549402 236
1607777763862 0.29694614409207554 237
1607777763863 0.29602351136259536 238
1607777763864 0.29518602008459033 239
1607777763866 0.2948738480207544 240
1607777763867 0.29385180157617136 241
1607777763869 0.2932980916145298 242
1607777763870 0.29280719375948155 243
1607777763871 0.292012308872675 244
1607777763873 0.2916313353775282 245
1607777763874 0.2913479657814086 246
1607777763876 0.29091832218041275 247
1607777763877 0.2902630288138507 248
1607777763878 0.2894596106575825 249
1607777763880 0.28897074099709963 250
1607777763881 0.2885204757739275 251
1607777763883 0.2876865455879583 252
1607777763884 0.28741428820988674 253
1607777763885 0.28672252209157695 254
1607777763887 0.28603674148714525 255
1607777763888 0.28517055658661317 256
1607777763890 0.2846278550773325 257
1607777763891 0.2840022758143524 258
1607777763892 0.28360381854246663 259
1607777763894 0.2832779786263408 260
1607777763895 0.2825538983096173 261
1607777763897 0.2818288748050247 262
1607777763898 0.2813990209524461 263
1607777763900 0.28070594539316046 264
1607777763901 0.2802444306525724 265
1607777763902 0.28007923294323683 266
1607777763904 0.2799812162802697 267
1607777763905 0.27953683536107105 268
1607777763907 0.2792946190014115 269
1607777763908 0.27847029873376644 270
1607777763909 0.2777722699070899 271
1607777763912 0.27703561657284004 272
1607777763914 0.2765094610755359 273
1607777763915 0.2761798462929802 274
1607777763917 0.2752325407689902 275
1607777763918 0.2745772110408427 276
1607777763920 0.27391721179241973 277
1607777763922 0.27336480372221894 278
1607777763924 0.2730465232238463 279
1607777763926 0.27224527564472123 280
1607777763927 0.271467575332858 281
1607777763929 0.27072060448591784 282
1607777763930 0.2701979749974484 283
1607777763932 0.2697341716005949 284
1607777763933 0.2693072499463136 285
1607777763935 0.2686588887404116 286
1607777763936 0.2683478687366281 287
1607777763938 0.26801977494162116 288
1607777763939 0.26747304075108636 289
1607777763940 0.2669955057776079 290
1607777763942 0.26664243994718617 291
1607777763943 0.2663084739593729 292
1607777763945 0.26616406678786975 293
1607777763946 0.2659687104610772 294
1607777763948 0.2657744131821561 295
1607777763949 0.26533800082767117 296
1607777763951 0.26472266598198485 297
1607777763952 0.2641920576694591 298
1607777763954 0.2636482049443182 299
1607777763955 0.2631752385859846 300
1607777763957 0.2628110286774805 301
1607777763958 0.2621148372901904 302
1607777763959 0.2616680112000763 303
1607777763961 0.2615562393798611 304
1607777763962 0.2610388839628789 305
1607777763964 0.26045625815488105 306
1607777763965 0.2598012109374187 307
1607777763967 0.2591549613515682 308
1607777763968 0.25852037178731435 309
1607777763969 0.25777519516590813 310
1607777763971 0.25734298804971256 311
1607777763972 0.2567946085209415 312
1607777763974 0.2563578536659888 313
1607777763975 0.25575820712207686 314
1607777763977 0.25496082207700954 315
1607777763978 0.2548065138935061 316
1607777763980 0.2542524413276486 317
1607777763981 0.253641066492054 318
1607777763982 0.25337574169022187 319
1607777763984 0.25299926425582386 320
1607777763985 0.2523729748322989 321
1607777763987 0.25187075452334784 322
1607777763988 0.2513023483407841 323
1607777763989 0.2507019292354747 324
1607777763991 0.2500378185611789 325
1607777763992 0.24954450946285228 326
1607777763994 0.249313489314266 327
1607777763995 0.2488239640029709 328
1607777763997 0.24850244484284253 329
1607777763998 0.24820407045719825 330
1607777764000 0.24756889491920853 331
1607777764001 0.24714481193614107 332
1607777764002 0.24675038851003245 333
1607777764004 0.24616762634170503 334
1607777764005 0.24585109487648976 335
1607777764007 0.24546142802873663 336
1607777764008 0.2448734998550675 337
1607777764010 0.24427340901205818 338
1607777764011 0.24368600373135194 339
1607777764012 0.24313948331705712 340
1607777764014 0.24290986426422542 341
1607777764015 0.24238826386415416 342
1607777764017 0.24202909777520004 343
1607777764018 0.2415338165125939 344
1607777764020 0.2411008371291394 345
1607777764021 0.24056504649943466 346
1607777764022 0.24008430062228495 347
1607777764024 0.23972547712636588 348
1607777764025 0.23921617526130928 349
1607777764027 0.23888769473724444 350
1607777764028 0.23847177279687998 351
1607777764030 0.23816250048138263 352
1607777764031 0.2377031862791682 353
1607777764032 0.23738934901356012 354
1607777764034 0.2368990333130948 355
1607777764035 0.23635489497462026 356
1607777764037 0.2357501520401256 357
1607777764038 0.23524055727895213 358
1607777764040 0.23473110977759482 359
1607777764041 0.23417570949023506 360
1607777764042 0.23361769652127673 361
1607777764044 0.23304771322269258 362
1607777764045 0.23253232209908403 363
1607777764047 0.2320787589485927 364
1607777764048 0.2316134930751028 365
1607777764050 0.23132111839576536 366
1607777764051 0.23084118471025905 367
1607777764052 0.23073721832073285 368
1607777764054 0.23026192860092382 369
1607777764055 0.23003139869230407 370
1607777764057 0.22988806416855093 371
1607777764058 0.22961913418547178 372
1607777764060 0.22912455108109517 373
1607777764061 0.2285459444023733 374
1607777764062 0.22813941198273244 375
1607777764064 0.2279857989669787 376
1607777764065 0.2273810197949215 377
1607777764067 0.22672240065850816 378
1607777764068 0.22622773711589803 379
1607777764070 0.22608865918381563 380
1607777764071 0.2255979538659234 381
1607777764072 0.22515005265559107 382
1607777764074 0.2246961543321366 383
1607777764075 0.22425852817160624 384
1607777764077 0.22381701384153982 385
1607777764078 0.22325048266241332 386
1607777764080 0.22302032765164334 387
1607777764081 0.22277891289292856 388
1607777764082 0.2224871435416751 389
1607777764084 0.22195037496026943 390
1607777764085 0.22145840413105589 391
1607777764087 0.22117124944105207 392
1607777764088 0.22111162209823 393
1607777764090 0.2208634012878528 394
1607777764091 0.2204619026668874 395
1607777764092 0.22031125424841336 396
1607777764094 0.219908090793725 397
1607777764095 0.21946768647462822 398
1607777764097 0.2189908632037816 399
1607777764098 0.21861963238145316 400
1607777764100 0.218058821492637 401
1607777764101 0.21759887359457278 402
1607777764102 0.21705219290457406 403
1607777764104 0.21672642563081648 404
1607777764105 0.2164195917170763 405
1607777764107 0.21595792714180925 406
1607777764108 0.21576637581986033 407
1607777764110 0.21530208981989665 408
1607777764111 0.21480271231932238 409
1607777764112 0.21431274556629878 410
1607777764114 0.21380798325913664 411
1607777764115 0.21361917596341606 412
1607777764117 0.2132438253265655 413
1607777764118 0.2127363874511049 414
1607777764120 0.21240475537208534 415
1607777764121 0.21194046748688103 416
1607777764122 0.21153283864951103 417
1607777764124 0.21136374856888568 418
1607777764125 0.21126715308180702 419
1607777764127 0.2109861026424723 420
1607777764128 0.2105003516129557 421
1607777764130 0.2099893658674636 422
1607777764131 0.20955370505433638 423
1607777764132 0.20910985066081297 424
1607777764134 0.20877394214709027 425
1607777764135 0.20828173796018815 426
1607777764137 0.20802164025009554 427
1607777764138 0.20761904997946495 428
1607777764140 0.20713754445382604 429
1607777764141 0.20672031704196622 430
1607777764142 0.20639218523423447 431
1607777764144 0.20602760046324728 432
1607777764145 0.2057985247814258 433
1607777764147 0.2054515633519592 434
1607777764148 0.2053144168140531 435
1607777764150 0.20507179205103446 436
1607777764151 0.20458292318032187 437
1607777764152 0.2043837760737257 438
1607777764154 0.20424141871492238 439
1607777764155 0.20407631614626268 440
1607777764157 0.2035714599849232 441
1607777764158 0.20342554663016899 442
1607777764159 0.20298610096903252 443
1607777764161 0.20273005217499246 444
1607777764162 0.20230749742694581 445
1607777764164 0.20184615087669225 446
1607777764165 0.20149390846902776 447
1607777764167 0.20123310694275323 448
1607777764168 0.2011517300470637 449
1607777764169 0.20079966968016108 450
1607777764171 0.2005378202031602 451
1607777764172 0.20017459527333978 452
1607777764174 0.19991269365563857 453
1607777764175 0.19973728012224334 454
1607777764176 0.1993051093961967 455
1607777764178 0.1990610220651743 456
1607777764179 0.19888789963374356 457
1607777764181 0.19847704575167963 458
1607777764182 0.1982398077454835 459
1607777764183 0.1979872384652647 460
1607777764185 0.19789978405241002 461
1607777764186 0.19776643150097284 462
1607777764188 0.19746474195870956 463
1607777764189 0.19697063700670286 464
1607777764191 0.1965298360136002 465
1607777764192 0.1963109064628332 466
1607777764193 0.19612435634215541 467
1607777764195 0.1957554883682171 468
1607777764196 0.1953388101673091 469
1607777764198 0.1950857728972171 470
1607777764199 0.1948507406812729 471
1607777764201 0.19455041043722104 472
1607777764202 0.19424371196826792 473
1607777764203 0.19408217407990722 474
1607777764205 0.1938809592354956 475
1607777764206 0.19347226565510947 476
1607777764208 0.1933907556014555 477
1607777764209 0.19293032973111698 478
1607777764211 0.19281214401330624 479
1607777764212 0.1924070258672127 480
1607777764213 0.19226287684982327 481
1607777764215 0.1919960018762262 482
1607777764216 0.19156861041052353 483
1607777764218 0.1913555120141619 484
1607777764219 0.1911294183638732 485
1607777764220 0.19085520958381516 486
1607777764222 0.19044793449677697 487
1607777764223 0.19001378798441967 488
1607777764225 0.18965163349426362 489
1607777764226 0.1892738737340043 490
1607777764227 0.18917140587657494 491
1607777764229 0.1891098314791563 492
1607777764230 0.18876918761583358 493
1607777764232 0.18854123250341567 494
1607777764233 0.18833958243025498 495
1607777764235 0.18814343518960583 496
1607777764236 0.187777686605418 497
1607777764237 0.1876002858605166 498
1607777764239 0.18754743262826734 499
1607777764240 0.1874495817246027 500
1607777764242 0.187101059869388 501
1607777764243 0.18701671057610314 502
1607777764244 0.18666769371999917 503
1607777764246 0.1863963152480936 504
1607777764248 0.18604387792138852 505
1607777764249 0.185549943503078 506
1607777764251 0.18531747692242256 507
1607777764252 0.1851697263100223 508
1607777764254 0.1848202304597174 509
1607777764255 0.18439493533075052 510
1607777764256 0.1840083887861024 511
1607777764258 0.18379503395816876 512
1607777764259 0.18369532180747733 513
1607777764261 0.18350672554238825 514
1607777764262 0.18333923868544685 515
1607777764264 0.18298212277000298 516
1607777764265 0.18288742125794388 517
1607777764266 0.1827897154885221 518
1607777764268 0.18249960387566713 519
1607777764269 0.182220196975165 520
1607777764271 0.18215063966028888 521
1607777764272 0.18185941292068697 522
1607777764273 0.18147760517980774 523
1607777764275 0.1811438990441808 524
1607777764276 0.1808498336375034 525
1607777764278 0.1807580889416951 526
1607777764279 0.1804977742042972 527
1607777764281 0.18033796326973134 528
1607777764282 0.17988333615906518 529
1607777764283 0.17957600767320686 530
1607777764285 0.17917570005278527 531
1607777764286 0.17881104983171475 532
1607777764288 0.1787089144178177 533
1607777764289 0.1782822930718374 534
1607777764290 0.1781920575676167 535
1607777764292 0.17803124943914467 536
1607777764293 0.17784564525744395 537
1607777764295 0.1776026249864309 538
1607777764296 0.17730491144198293 539
1607777764298 0.17709523601146682 540
1607777764299 0.1770041037833931 541
1607777764300 0.17670525028202735 542
1607777764302 0.1765192447254606 543
1607777764303 0.17614703453477892 544
1607777764305 0.17606914168145046 545
1607777764306 0.17594662924883944 546
1607777764307 0.17580801016542283 547
1607777764309 0.17541988451966053 548
1607777764310 0.17504894778510635 549
1607777764312 0.17500698120829508 550
1607777764313 0.17486615044578135 551
1607777764315 0.1745444959878047 552
1607777764316 0.17442035865839967 553
1607777764317 0.17424415276276828 554
1607777764319 0.174067773488914 555
1607777764320 0.1737603835724592 556
1607777764322 0.1734997700638375 557
1607777764323 0.17339927102139788 558
1607777764324 0.1730401377505154 559
1607777764326 0.17266401519371274 560
1607777764327 0.17232588790620704 561
1607777764329 0.17205208834070673 562
1607777764330 0.17167846029591272 563
1607777764331 0.17136039412516654 564
1607777764333 0.17114605938093802 565
1607777764334 0.1709897070297913 566
1607777764336 0.17089354041782584 567
1607777764337 0.1706178679889568 568
1607777764339 0.1703728448094852 569
1607777764340 0.17008217149367164 570
1607777764341 0.16972639059221287 571
1607777764343 0.16960241064035947 572
1607777764344 0.16941100759069344 573
1607777764346 0.16909274966702953 574
1607777764347 0.16894035296795687 575
1607777764348 0.168614926408944 576
1607777764350 0.168313717280873 577
1607777764351 0.1681123571279974 578
1607777764353 0.1680239376072024 579
1607777764354 0.16776490306105124 580
1607777764355 0.1677205452092952 581
1607777764357 0.16741034800892515 582
1607777764358 0.1673422218812467 583
1607777764360 0.16728866494179445 584
1607777764361 0.16712923071409844 585
1607777764362 0.1668738462339133 586
1607777764364 0.166749672774154 587
1607777764365 0.1663958709326887 588
1607777764367 0.16602477760570492 589
1607777764368 0.16598183418353854 590
1607777764369 0.16590597196244158 591
1607777764371 0.16552076952150338 592
1607777764372 0.16516291172473918 593
1607777764374 0.16484774160972263 594
1607777764375 0.16461559892642602 595
1607777764376 0.1643755461157591 596
1607777764378 0.16415128620323685 597
1607777764379 0.1637589965712872 598
1607777764381 0.16354682411260182 599
1607777764382 0.16326944205417798 600
1607777764384 0.16298138048834426 601
1607777764385 0.16267623804335643 602
1607777764386 0.1624178246432124 603
1607777764388 0.16236669813320267 604
1607777764389 0.16220335740048963 605
1607777764391 0.16203783284485124 606
1607777764392 0.16184256178440498 607
1607777764393 0.16146830449525915 608
1607777764395 0.16129981273377297 609
1607777764396 0.1610259168488546 610
1607777764398 0.1608836221695146 611
1607777764399 0.16074414041290952 612
1607777764401 0.16045009783778322 613
1607777764402 0.1604069324567184 614
1607777764403 0.16009303451747897 615
1607777764405 0.15986880390500197 616
1607777764406 0.1596023138243305 617
1607777764408 0.15932752736074318 618
1607777764409 0.15909777016611346 619
1607777764410 0.15874944508004232 620
1607777764412 0.15860934737903626 621
1607777764413 0.15843732859770268 622
1607777764415 0.15838624886694883 623
1607777764416 0.15810574507944217 624
1607777764418 0.15778370676866224 625
1607777764419 0.1575720192275052 626
1607777764420 0.15725567784283728 627
1607777764422 0.156940473809696 628
1607777764423 0.15676776619757002 629
1607777764425 0.15654442467259883 630
1607777764426 0.15633781412347322 631
1607777764427 0.1561024053988627 632
1607777764429 0.15578393368346993 633
1607777764430 0.15543080843956109 634
1607777764432 0.15529057992571535 635
1607777764433 0.1551707530792 636
1607777764434 0.1548485473756493 637
1607777764436 0.15480332321027582 638
1607777764437 0.15443469915766111 639
1607777764439 0.15433096791914533 640
1607777764440 0.15404973691430676 641
1607777764442 0.15387320298224946 642
1607777764443 0.15360396145428742 643
1607777764444 0.15346623404935275 644
1607777764446 0.15316750216294756 645
1607777764447 0.15296772767376668 646
1607777764449 0.1529447271155058 647
1607777764450 0.1528852642743767 648
1607777764451 0.15281662641140892 649
1607777764453 0.15254876553458135 650
1607777764454 0.15230090995729062 651
1607777764456 0.15206076282784087 652
1607777764457 0.15181689408653212 653
1607777764458 0.15155528852931466 654
1607777764460 0.1513450117237821 655
1607777764461 0.15116567220595997 656
1607777764463 0.1510786866082772 657
1607777764464 0.15104547779695288 658
1607777764466 0.1507023203420667 659
1607777764467 0.15065182611306305 660
1607777764468 0.15042503417783032 661
1607777764470 0.1502219907971047 662
1607777764471 0.15011215127343044 663
1607777764473 0.15004979848801275 664
1607777764474 0.14986680081495363 665
1607777764475 0.14983544739935875 666
1607777764477 0.1496166932894287 667
1607777764478 0.1494979272052796 668
1607777764480 0.14921902563793168 669
1607777764481 0.14901549748469636 670
1607777764483 0.14878522675293 671
1607777764484 0.14858179154191384 672
1607777764486 0.1483323503470344 673
1607777764487 0.14825379719788884 674
1607777764488 0.14798317908704336 675
1607777764490 0.14787450477027106 676
1607777764491 0.14762918790638982 677
1607777764493 0.14739541181681376 678
1607777764494 0.14716967598839184 679
1607777764495 0.14711189821649867 680
1607777764497 0.1470171900498397 681
1607777764498 0.14690433319028226 682
1607777764500 0.14668738157636238 683
1607777764501 0.14642745216908087 684
1607777764503 0.1462248352355475 685
1607777764504 0.14613939781373003 686
1607777764505 0.1459046917041139 687
1607777764507 0.1456873234134209 688
1607777764508 0.14539933750597464 689
1607777764510 0.14517316436665711 690
1607777764511 0.14514294247676518 691
1607777764512 0.1448365567693713 692
1607777764514 0.14469156051875084 693
1607777764515 0.14443893968628133 694
1607777764517 0.1444029248305981 695
1607777764518 0.14433077338380298 696
1607777764519 0.1441011660704825 697
1607777764521 0.14392306230541674 698
1607777764522 0.14372801421762704 699
1607777764524 0.14351071960373213 700
1607777764525 0.1432657885336151 701
1607777764526 0.14305730335931802 702
1607777764528 0.14291058676287124 703
1607777764529 0.1426132985755175 704
1607777764531 0.14238122755959565 705
1607777764532 0.14214343467898943 706
1607777764534 0.14190466184448233 707
1607777764535 0.14174814573878344 708
1607777764536 0.14150230953933202 709
1607777764538 0.14146150477162098 710
1607777764539 0.14122430550148266 711
1607777764541 0.1409068445013019 712
1607777764542 0.14073476128039136 713
1607777764543 0.14053872567335393 714
1607777764545 0.14031068972480398 715
1607777764546 0.1400707041847779 716
1607777764548 0.14002419370006491 717
1607777764549 0.1397183097524769 718
1607777764551 0.13951535586887145 719
1607777764552 0.1393094225367875 720
1607777764553 0.1390657181443039 721
1607777764555 0.1388081055363266 722
1607777764556 0.13862385199185487 723
1607777764558 0.13833456358595253 724
1607777764559 0.1382808213457877 725
1607777764561 0.1380354238299541 726
1607777764562 0.1379799013604269 727
1607777764564 0.13787204266583936 728
1607777764565 0.13763355652847947 729
1607777764566 0.1375050128818341 730
1607777764568 0.1373630215694744 731
1607777764569 0.13727755867186822 732
1607777764571 0.13700868432547558 733
1607777764572 0.1369406295926079 734
1607777764573 0.13681490024199366 735
1607777764575 0.13665869379341578 736
1607777764576 0.13645117408728233 737
1607777764578 0.13626048739202706 738
1607777764579 0.13601231888468243 739
1607777764581 0.13573574113733933 740
1607777764583 0.1355981051711453 741
1607777764585 0.13544597356326085 742
1607777764587 0.13522138801533118 743
1607777764589 0.13497183554890527 744
1607777764591 0.13465097373425794 745
1607777764592 0.1345387377796421 746
1607777764594 0.13432019834232214 747
1607777764596 0.13409027893992642 748
1607777764597 0.13381555746450177 749
1607777764599 0.1337585717809423 750
1607777764600 0.13353700129787785 751
1607777764602 0.13345381127508782 752
1607777764604 0.13339969830105936 753
1607777764605 0.13315446800083258 754
1607777764607 0.1330852252627567 755
1607777764609 0.13286264627729363 756
1607777764610 0.13263253468271902 757
1607777764612 0.13246738359513682 758
1607777764613 0.1322976654621831 759
1607777764615 0.13211073622614208 760
1607777764616 0.13196891531240867 761
1607777764618 0.1319056356220704 762
1607777764619 0.1316951262198361 763
1607777764620 0.13149282270954346 764
1607777764622 0.13121256636349587 765
1607777764623 0.13115814399674922 766
1607777764625 0.13096150859420128 767
1607777764626 0.13081684931104579 768
1607777764628 0.13071480988999462 769
1607777764629 0.1306580541602516 770
1607777764631 0.13054540111198645 771
1607777764632 0.13031315187421957 772
1607777764634 0.130201020472346 773
1607777764635 0.1299865850536644 774
1607777764637 0.12981909287558926 775
1607777764638 0.12962736681563078 776
1607777764640 0.12939834042465975 777
1607777764641 0.12929006774071536 778
1607777764642 0.12912218214628474 779
1607777764644 0.12903668008295155 780
1607777764645 0.1288802574382415 781
1607777764647 0.12883252441971918 782
1607777764648 0.128773405023007 783
1607777764650 0.12852948191017008 784
1607777764651 0.1284484357233907 785
1607777764652 0.12839945018320478 786
1607777764654 0.1283537526422045 787
1607777764655 0.12811895740612989 788
1607777764657 0.1279212363311354 789
1607777764658 0.12777202214065744 790
1607777764660 0.1275286731197743 791
1607777764661 0.12738118958401082 792
1607777764663 0.12730257929752956 793
1607777764664 0.12721610406010878 794
1607777764665 0.1271557018754789 795
1607777764667 0.12696720432743466 796
1607777764668 0.1267298365250056 797
1607777764670 0.12667627544858873 798
1607777764671 0.12648461109852244 799
1607777764672 0.1262888304112502 800
1607777764674 0.12612465340011128 801
1607777764675 0.12592878275296257 802
1607777764677 0.125801126649136 803
1607777764678 0.12563293834003683 804
1607777764680 0.12553283608236013 805
1607777764681 0.1254585343003102 806
1607777764683 0.1254122555677772 807
1607777764684 0.1252004091802109 808
1607777764685 0.12507388676077125 809
1607777764687 0.12492016710622246 810
1607777764688 0.12468846798340778 811
1607777764690 0.12455073402269827 812
1607777764691 0.1243634211903775 813
1607777764692 0.12420876672942521 814
1607777764694 0.1241508459168564 815
1607777764695 0.12403533767527009 816
1607777764697 0.12388791801138875 817
1607777764698 0.12364415570112357 818
1607777764700 0.12356701077599166 819
1607777764701 0.12337091111600734 820
1607777764703 0.12313707320522109 821
1607777764704 0.12290246163960482 822
1607777764705 0.12268092483743506 823
1607777764707 0.12246576155406722 824
1607777764708 0.1222982479484148 825
1607777764710 0.12207976813229586 826
1607777764711 0.12200150026713767 827
1607777764713 0.12183160901225377 828
1607777764714 0.1216245580998746 829
1607777764716 0.12140194308770977 830
1607777764717 0.12119812337929256 831
1607777764719 0.12116612036195169 832
1607777764720 0.1209282170079903 833
1607777764721 0.1207253772237406 834
1607777764723 0.12053457212192241 835
1607777764724 0.1203384594052016 836
1607777764726 0.12020587523778994 837
1607777764727 0.11999310762692529 838
1607777764728 0.1198289221980232 839
1607777764730 0.11967177312593429 840
1607777764731 0.1194673267263149 841
1607777764733 0.11937026852794225 842
1607777764734 0.11913946108971141 843
1607777764736 0.11896326796032049 844
1607777764737 0.11877418168135213 845
1607777764738 0.11857351298710599 846
1607777764740 0.11841551671333446 847
1607777764741 0.1182576636642047 848
1607777764743 0.11821590033751485 849
1607777764744 0.11816742496065767 850
1607777764745 0.11806968619768998 851
1607777764747 0.11794618295231989 852
1607777764748 0.11781751055936043 853
1607777764750 0.11761836305538004 854
1607777764751 0.11746321991440141 855
1607777764752 0.11737900161374554 856
1607777764754 0.11720622747227927 857
1607777764755 0.11708444320769797 858
1607777764757 0.11690883268801676 859
1607777764758 0.11673267096906828 860
1607777764760 0.11665671411154183 861
1607777764761 0.11655245992159052 862
1607777764762 0.11642925766752439 863
1607777764764 0.11624857080592503 864
1607777764765 0.11612635934556163 865
1607777764767 0.11595707013822493 866
1607777764768 0.1158394584673957 867
1607777764770 0.11564455003239732 868
1607777764771 0.11550184243260275 869
1607777764772 0.11539112909620801 870
1607777764774 0.1151602274272387 871
1607777764775 0.11499073619818315 872
1607777764777 0.11481969588949083 873
1607777764778 0.1146376614103622 874
1607777764780 0.11460235334435775 875
1607777764781 0.11453271667773068 876
1607777764782 0.11430281409764541 877
1607777764784 0.11411342253959014 878
1607777764785 0.11407558367309802 879
1607777764787 0.11390712417773846 880
1607777764788 0.1138420731859727 881
1607777764789 0.1136626256178997 882
1607777764791 0.11348873041741671 883
1607777764792 0.11333536794533351 884
1607777764794 0.11327829753867394 885
1607777764795 0.11309831667662157 886
1607777764797 0.11299760227851122 887
1607777764798 0.11291238689966192 888
1607777764799 0.11287932595831217 889
1607777764801 0.11279311735945304 890
1607777764802 0.11276306873247638 891
1607777764804 0.11262509289216839 892
1607777764805 0.11258589979923085 893
1607777764807 0.11248051749392216 894
1607777764808 0.11244325374108124 895
1607777764809 0.11223146214067256 896
1607777764811 0.1121689199720079 897
1607777764812 0.11211884704269334 898
1607777764814 0.11191288419313365 899
1607777764815 0.11172700107671583 900
1607777764817 0.11150653511278348 901
1607777764818 0.1114132006150889 902
1607777764819 0.11122222343038714 903
1607777764821 0.1111033513083691 904
1607777764822 0.11089305223703015 905
1607777764824 0.11082885727645228 906
1607777764825 0.11075544807391052 907
1607777764827 0.11057056340575075 908
1607777764828 0.11048195153956974 909
1607777764830 0.11029867141691992 910
1607777764831 0.11012470504395025 911
1607777764833 0.11002169422961575 912
1607777764834 0.10986088633816908 913
1607777764836 0.1096683030415513 914
1607777764837 0.10952635466503603 915
1607777764838 0.10937080145572453 916
1607777764840 0.10916916540151389 917
1607777764841 0.10901034566740361 918
1607777764843 0.1088237676585031 919
1607777764844 0.10879771979282488 920
1607777764846 0.10861201669473625 921
1607777764847 0.10858729770514632 922
1607777764849 0.10844377653665367 923
1607777764850 0.10835409109148274 924
1607777764852 0.10825537329238395 925
1607777764853 0.10804827124102795 926
1607777764854 0.10790506260919962 927
1607777764856 0.107775964134934 928
1607777764857 0.1077375261554675 929
1607777764859 0.10765235423970371 930
1607777764860 0.10752307145612208 931
1607777764862 0.10749087705804053 932
1607777764863 0.10734114809958045 933
1607777764865 0.10726279011142623 934
1607777764866 0.10722725687514548 935
1607777764868 0.10720395660861311 936
1607777764869 0.10702842056038955 937
1607777764870 0.10690843296893976 938
1607777764872 0.10675893913801417 939
1607777764873 0.10666488873158808 940
1607777764875 0.10654217899651924 941
1607777764876 0.10641795943964655 942
1607777764878 0.10622434792218227 943
1607777764879 0.10620305983321811 944
1607777764880 0.10602543008513922 945
1607777764882 0.10589186684334624 946
1607777764883 0.10581510776049761 947
1607777764885 0.10579557785457026 948
1607777764886 0.10575162587733598 949
1607777764888 0.10560001879673146 950
1607777764890 0.10546201149972355 951
1607777764891 0.1053722248754498 952
1607777764893 0.10524521328882624 953
1607777764895 0.10502404987295484 954
1607777764897 0.10487922460056191 955
1607777764899 0.10484754161927165 956
1607777764900 0.10467550188625728 957
1607777764901 0.10458156800649825 958
1607777764903 0.10441218813752141 959
1607777764905 0.10425115333131595 960
1607777764907 0.10405923087619069 961
1607777764908 0.10391231649689238 962
1607777764909 0.10374117910340362 963
1607777764912 0.10371036179742607 964
1607777764915 0.10359175767826294 965
1607777764919 0.10348536555105596 966
1607777764922 0.10329890216524462 967
1607777764925 0.10314759166280188 968
1607777764928 0.10292303984933295 969
1607777764931 0.1028560808751524 970
1607777764934 0.10272011458964343 971
1607777764938 0.10259525958097046 972
1607777764941 0.1024198024177558 973
1607777764944 0.10235788153458332 974
1607777764947 0.10230761800184879 975
1607777764951 0.1022721433344482 976
1607777764954 0.10221122094759261 977
1607777764957 0.10210855018976002 978
1607777764960 0.1019941556610976 979
1607777764964 0.1018847224776451 980
1607777764967 0.1017638807303641 981
1607777764970 0.10172663148226288 982
1607777764973 0.10156135464254627 983
1607777764976 0.10145751559569524 984
1607777764978 0.10128942812263377 985
1607777764979 0.10119332564343105 986
1607777764981 0.10105509764314057 987
1607777764982 0.10102333136731091 988
1607777764984 0.10084174774108569 989
1607777764985 0.10075795440661724 990
1607777764986 0.10072675217682349 991
1607777764988 0.10061999210283376 992
1607777764989 0.1005575674503115 993
1607777764991 0.10052864407020255 994
1607777764992 0.10049592953034087 995
1607777764994 0.10035915614338027 996
1607777764995 0.10020731483446187 997
1607777764996 0.10012220649209429 998
1607777764998 0.10006237965895128 999
1607777765002 0.10006237965895128 1000
