1607777711603 1.933541336277734 0
1607777711606 1.8509436284744094 1
1607777711607 1.7729411849232433 2
1607777711609 1.6991117512909504 3
1607777711611 1.6296776432698838 4
1607777711612 1.5636261393453394 5
1607777711614 1.5017803631877027 6
1607777711615 1.4434336645338957 7
1607777711617 1.3880173543720793 8
1607777711618 1.3362741823283963 9
1607777711620 1.2874482050221567 10
1607777711621 1.2412878770524955 11
1607777711623 1.1981182849806684 12
1607777711624 1.157557544649926 13
1607777711626 1.1194087427989496 14
1607777711627 1.0834174365792486 15
1607777711629 1.0495707816023896 16
1607777711630 1.017849704537356 17
1607777711631 0.9879230619683091 18
1607777711633 0.9600040914971919 19
1607777711635 0.9335323587886124 20
1607777711636 0.9089642522971264 21
1607777711638 0.8856328647464747 22
1607777711639 0.8639371901069152 23
1607777711640 0.8436032458723417 24
1607777711642 0.8246591720781997 25
1607777711643 0.8066276217408394 26
1607777711644 0.789820475652577 27
1607777711646 0.773952711267824 28
1607777711647 0.7588986634154807 29
1607777711649 0.7450085243083426 30
1607777711650 0.7320020888053121 31
1607777711651 0.7200792247290058 32
1607777711653 0.7086964239437292 33
1607777711654 0.6977402850592576 34
1607777711656 0.6870205506921288 35
1607777711657 0.6772322265109635 36
1607777711659 0.6669940457441328 37
1607777711660 0.6580061634768236 38
1607777711661 0.6485975670994681 39
1607777711663 0.6405445661807382 40
1607777711664 0.6325773331930151 41
1607777711666 0.6250645934119696 42
1607777711667 0.6181702673953966 43
1607777711668 0.6115270000664134 44
1607777711670 0.6047673148108587 45
1607777711671 0.5986471363758764 46
1607777711673 0.5922545676258434 47
1607777711674 0.5866854754887264 48
1607777711676 0.5813488045092899 49
1607777711678 0.5755449650048096 50
1607777711679 0.5702030657324303 51
1607777711680 0.564691784825652 52
1607777711682 0.5599140382023241 53
1607777711683 0.5553433748801102 54
1607777711685 0.5504242859529015 55
1607777711686 0.5457256482584308 56
1607777711688 0.5414239927755816 57
1607777711689 0.53705915130376 58
1607777711690 0.5330565449012473 59
1607777711692 0.5290376032609585 60
1607777711693 0.5249112158311062 61
1607777711695 0.5211000070265154 62
1607777711696 0.5174371456312327 63
1607777711698 0.5140313254446254 64
1607777711699 0.5106301367430431 65
1607777711701 0.5079068791558904 66
1607777711702 0.5046453011455991 67
1607777711703 0.5014646668475167 68
1607777711705 0.49786614853431327 69
1607777711706 0.49454205388044303 70
1607777711708 0.49113377944345893 71
1607777711709 0.4880366253928847 72
1607777711710 0.485173298320576 73
1607777711712 0.4817555970984578 74
1607777711713 0.4788129898739623 75
1607777711715 0.47646202544710353 76
1607777711716 0.47399033527159434 77
1607777711717 0.4711894654082094 78
1607777711719 0.4685701527071069 79
1607777711720 0.4661984824026204 80
1607777711722 0.463531114887167 81
1607777711723 0.4613327750008307 82
1607777711725 0.4592233507257006 83
1607777711726 0.45715212980278913 84
1607777711727 0.4547563432888655 85
1607777711729 0.45227281592482566 86
1607777711730 0.4499527374410584 87
1607777711732 0.4476367791161085 88
1607777711733 0.4456176987629317 89
1607777711735 0.44404278215177123 90
1607777711736 0.4420990814648081 91
1607777711737 0.44000572599127186 92
1607777711739 0.43837544015654384 93
1607777711740 0.4368668275452616 94
1607777711742 0.43482918550362604 95
1607777711743 0.43293239296264663 96
1607777711744 0.43068282636475563 97
1607777711746 0.42890365552006526 98
1607777711747 0.4272619358263111 99
1607777711749 0.42604690220116986 100
1607777711750 0.42459244428275816 101
1607777711751 0.42276740802147417 102
1607777711753 0.4204111827425532 103
1607777711754 0.4194256947099818 104
1607777711756 0.41767254625358524 105
1607777711757 0.41654237132108807 106
1607777711759 0.41472408108870357 107
1607777711760 0.41399160910809296 108
1607777711762 0.412147874901475 109
1607777711763 0.41017345942107986 110
1607777711765 0.4089475618856932 111
1607777711766 0.4069722416898043 112
1607777711768 0.40586687004503585 113
1607777711769 0.4043021688262603 114
1607777711771 0.403693357617443 115
1607777711772 0.40254777279628373 116
1607777711773 0.40168931053045553 117
1607777711775 0.4010625815010828 118
1607777711776 0.40038774425758444 119
1607777711778 0.3998169588409487 120
1607777711780 0.3981094073842529 121
1607777711781 0.3967266138396745 122
1607777711783 0.39483986461582066 123
1607777711784 0.39356886870244867 124
1607777711786 0.3929555447908912 125
1607777711787 0.3913184163078396 126
1607777711788 0.38979988456784254 127
1607777711790 0.38924913590670945 128
1607777711791 0.38867816067231725 129
1607777711793 0.38793055981844604 130
1607777711794 0.3864124812729453 131
1607777711796 0.38598783610845677 132
1607777711797 0.38483005820698907 133
1607777711798 0.38430970630568895 134
1607777711800 0.3830104839087934 135
1607777711801 0.38248044275500587 136
1607777711803 0.38200106811585144 137
1607777711804 0.38138203279622346 138
1607777711805 0.3807856947928925 139
1607777711807 0.38038141626539074 140
1607777711808 0.3797443380593167 141
1607777711810 0.3783774361276562 142
1607777711811 0.37746674019880827 143
1607777711812 0.37666174411846454 144
1607777711814 0.3762492981309421 145
1607777711815 0.37517088942629906 146
1607777711817 0.37383374708781325 147
1607777711818 0.373382083290817 148
1607777711820 0.3719184362088575 149
1607777711821 0.37100998131488083 150
1607777711822 0.37042522266472033 151
1607777711824 0.3692083663539113 152
1607777711825 0.36785882878131176 153
1607777711827 0.3668558324527059 154
1607777711828 0.3661481332480838 155
1607777711830 0.36551437296561057 156
1607777711831 0.36513015080505373 157
1607777711832 0.36474843737837087 158
1607777711834 0.3643467251149601 159
1607777711835 0.3628493657957981 160
1607777711837 0.36261550246707913 161
1607777711838 0.3619736723679454 162
1607777711840 0.36169833840764354 163
1607777711841 0.36145146356538876 164
1607777711842 0.36097124741584474 165
1607777711844 0.3605275290188659 166
1607777711845 0.3591536669899781 167
1607777711847 0.358119506086628 168
1607777711848 0.35711944124307665 169
1607777711849 0.3568117624168508 170
1607777711851 0.3561338660385807 171
1607777711852 0.3555992631826218 172
1607777711854 0.3547161734730263 173
1607777711855 0.35449838901118663 174
1607777711857 0.3538788357147603 175
1607777711858 0.3534422720934075 176
1607777711859 0.35277102720417897 177
1607777711861 0.3521429852287317 178
1607777711862 0.3511317067829543 179
1607777711864 0.3501678835563474 180
1607777711865 0.3497149939599276 181
1607777711866 0.3485975579055212 182
1607777711868 0.34794209120537095 183
1607777711869 0.34660840412651533 184
1607777711871 0.3454252276127229 185
1607777711872 0.3451516241200585 186
1607777711874 0.3445379822694811 187
1607777711875 0.3439906480456367 188
1607777711876 0.3430138856056697 189
1607777711878 0.3424993589242502 190
1607777711880 0.3421543873252096 191
1607777711881 0.3415930536164395 192
1607777711882 0.3409093250844952 193
1607777711884 0.34062773176528555 194
1607777711885 0.33984944512763715 195
1607777711887 0.3395810170927803 196
1607777711888 0.33924250900403446 197
1607777711890 0.33860737568630295 198
1607777711891 0.3375805868478724 199
1607777711892 0.33735155874321454 200
1607777711894 0.3364954166214519 201
1607777711895 0.3359340406357318 202
1607777711897 0.33578341764857206 203
1607777711898 0.33523566300178365 204
1607777711900 0.33368699793044854 205
1607777711901 0.33255666368532005 206
1607777711902 0.3322334684190763 207
1607777711904 0.3312723687722537 208
1607777711905 0.3308302053398758 209
1607777711907 0.32985939812453235 210
1607777711908 0.32872810308985173 211
1607777711909 0.3277260014733001 212
1607777711911 0.32745025170108016 213
1607777711913 0.32674841252287795 214
1607777711914 0.3257275715591821 215
1607777711916 0.32478868289049817 216
1607777711917 0.3240579681760412 217
1607777711918 0.3237688584517453 218
1607777711920 0.3233302420096065 219
1607777711921 0.3221864588244264 220
1607777711923 0.3218055748219205 221
1607777711924 0.3212062869456663 222
1607777711926 0.3209763135970605 223
1607777711927 0.32000458252833525 224
1607777711928 0.3195433806767226 225
1607777711930 0.31937972786246527 226
1607777711931 0.3183799557575843 227
1607777711933 0.3180729696982458 228
1607777711934 0.3173599595418034 229
1607777711935 0.3168872431715975 230
1607777711937 0.3162700005487693 231
1607777711938 0.3156078107224037 232
1607777711940 0.3147366285076013 233
1607777711941 0.31429893439361384 234
1607777711942 0.3133037272614887 235
1607777711944 0.3126810128199867 236
1607777711945 0.31215760532910874 237
1607777711947 0.3114839122428108 238
1607777711948 0.31055180496852636 239
1607777711950 0.309674211793393 240
1607777711951 0.30917220392400036 241
1607777711952 0.30896510024719304 242
1607777711954 0.3085653154590458 243
1607777711955 0.3074309039205158 244
1607777711957 0.30650612050941606 245
1607777711958 0.30561377515654214 246
1607777711959 0.30512419168892724 247
1607777711961 0.3043404800472959 248
1607777711962 0.30342506828704285 249
1607777711964 0.30278118817861177 250
1607777711965 0.30254494770927226 251
1607777711966 0.30155912256410916 252
1607777711968 0.30093567278167976 253
1607777711969 0.3002054213387622 254
1607777711971 0.2996205555393002 255
1607777711972 0.298812403943191 256
1607777711973 0.298439449039964 257
1607777711975 0.29817920477685905 258
1607777711976 0.29734756926202577 259
1607777711978 0.29672432163340395 260
1607777711979 0.2962064083340684 261
1607777711981 0.29561337471504323 262
1607777711982 0.29537407048077013 263
1607777711984 0.29452792031963454 264
1607777711985 0.2941665579856973 265
1607777711986 0.2933975144407352 266
1607777711988 0.29301268196027136 267
1607777711989 0.2925592366727323 268
1607777711991 0.29231339563600583 269
1607777711992 0.2918294668615281 270
1607777711993 0.29134916260662463 271
1607777711995 0.2911367031322408 272
1607777711996 0.290692670197263 273
1607777711998 0.2902264894286626 274
1607777711999 0.28953545503420397 275
1607777712000 0.2887790803782611 276
1607777712002 0.2884972451463762 277
1607777712003 0.2876149696655138 278
1607777712005 0.28741422226874463 279
1607777712006 0.2872670887033882 280
1607777712007 0.2866304674022229 281
1607777712009 0.2858329224737686 282
1607777712010 0.28550210199489345 283
1607777712012 0.2845388384577784 284
1607777712013 0.28420849243736684 285
1607777712014 0.2840086625434627 286
1607777712016 0.2838278741854585 287
1607777712017 0.2829095051146831 288
1607777712019 0.28270289361973017 289
1607777712020 0.28241484395992916 290
1607777712021 0.2817620102163285 291
1607777712023 0.2809489066575689 292
1607777712024 0.28040837908173366 293
1607777712026 0.28002383314016843 294
1607777712027 0.27953260298081156 295
1607777712028 0.27866441240949724 296
1607777712030 0.2779084236258373 297
1607777712031 0.2770940410438445 298
1607777712033 0.27650322772389596 299
1607777712034 0.2757693486430021 300
1607777712035 0.2754275726566125 301
1607777712037 0.2747826568913551 302
1607777712038 0.2745638587528252 303
1607777712040 0.2742446024455685 304
1607777712041 0.273803433339045 305
1607777712043 0.2732716144607409 306
1607777712044 0.2726614334170873 307
1607777712045 0.2723221927210123 308
1607777712047 0.27159325638661475 309
1607777712048 0.27119890770912236 310
1607777712050 0.27058313504487536 311
1607777712051 0.2701546461674409 312
1607777712052 0.26917373675157596 313
1607777712054 0.268590785184282 314
1607777712055 0.2678879470698583 315
1607777712057 0.26729761201597096 316
1607777712058 0.2670517240694555 317
1607777712059 0.26659134385003763 318
1607777712061 0.26626054803703486 319
1607777712062 0.2658981331416409 320
1607777712064 0.26541584399765616 321
1607777712065 0.2649899556050858 322
1607777712066 0.2646690994349812 323
1607777712068 0.2637307458288702 324
1607777712069 0.2630523628711849 325
1607777712071 0.26246071976833474 326
1607777712072 0.26193142057256374 327
1607777712074 0.2615851348250565 328
1607777712075 0.26128451044819 329
1607777712076 0.26077072580753763 330
1607777712078 0.26017897679635404 331
1607777712079 0.2594672264107183 332
1607777712081 0.2591631543252554 333
1607777712082 0.25888842346446517 334
1607777712084 0.2585310013356185 335
1607777712085 0.25799914000845814 336
1607777712087 0.2576605826826032 337
1607777712088 0.25701264357654724 338
1607777712090 0.25654182554100297 339
1607777712091 0.2559683407619074 340
1607777712092 0.2557262844917024 341
1607777712094 0.255106726887813 342
1607777712095 0.25485025988945736 343
1607777712097 0.25420096607420817 344
1607777712098 0.25350478487057654 345
1607777712100 0.25278035826509 346
1607777712101 0.25249935387425976 347
1607777712102 0.25189428100984107 348
1607777712104 0.251657815161301 349
1607777712105 0.2515434873099905 350
1607777712107 0.2513036194151716 351
1607777712108 0.25096954820047995 352
1607777712109 0.2503451222075801 353
1607777712111 0.25014678064121304 354
1607777712112 0.24956541942383756 355
1607777712114 0.24900760174208073 356
1607777712115 0.2483961259170031 357
1607777712117 0.24782383918911288 358
1607777712118 0.2474516731219519 359
1607777712119 0.2469036776897229 360
1607777712121 0.24665715786059966 361
1607777712122 0.24602413708624551 362
1607777712124 0.24556600479185167 363
1607777712125 0.24524434436406778 364
1607777712126 0.24475327257405521 365
1607777712128 0.24436927553615728 366
1607777712129 0.24407095722398764 367
1607777712131 0.24350497355609996 368
1607777712132 0.24291886553111838 369
1607777712133 0.24244689766798466 370
1607777712135 0.2419482684817129 371
1607777712136 0.24134984332635018 372
1607777712138 0.24114447231200012 373
1607777712139 0.24077809890002777 374
1607777712140 0.24027604662958577 375
1607777712142 0.2398766369097756 376
1607777712143 0.2394296474866539 377
1607777712145 0.23920967363318216 378
1607777712146 0.2386505317674206 379
1607777712147 0.23814345560931915 380
1607777712149 0.23755589292657045 381
1607777712150 0.23730420226930854 382
1607777712152 0.23697818766168402 383
1607777712153 0.2364364963466785 384
1607777712155 0.23584789533732672 385
1607777712156 0.23535195687056198 386
1607777712157 0.2351316716111859 387
1607777712159 0.23460641885575365 388
1607777712160 0.23404827073556791 389
1607777712162 0.233420189283733 390
1607777712164 0.23286246796593302 391
1607777712165 0.23237388984270435 392
1607777712166 0.2319645459001556 393
1607777712168 0.23157603072769686 394
1607777712169 0.23076617777523828 395
1607777712171 0.23043957484946037 396
1607777712172 0.23014930204962883 397
1607777712174 0.22994074244975446 398
1607777712175 0.22939365308571208 399
1607777712177 0.22906096717102534 400
1607777712178 0.22833292457466403 401
1607777712180 0.2281252888388045 402
1607777712182 0.22778028696449634 403
1607777712183 0.22744778252008574 404
1607777712184 0.2270890160952213 405
1607777712186 0.22670638009099264 406
1607777712187 0.22649125491162328 407
1607777712189 0.22611530139822306 408
1607777712190 0.22565749929485657 409
1607777712191 0.22517128919588095 410
1607777712193 0.22484156469924385 411
1607777712194 0.22448876119007308 412
1607777712196 0.22402143642927247 413
1607777712197 0.22389985474803403 414
1607777712199 0.22366190233946123 415
1607777712200 0.22338224316641286 416
1607777712202 0.22291882153459897 417
1607777712203 0.22254605085501725 418
1607777712204 0.22213303251006253 419
1607777712206 0.22203392828800583 420
1607777712207 0.22153520873567215 421
1607777712209 0.22119677169485785 422
1607777712210 0.22080412315606845 423
1607777712211 0.22061721828108538 424
1607777712213 0.22030597648838118 425
1607777712214 0.21993353925608378 426
1607777712216 0.2195582292547703 427
1607777712217 0.21916138119058554 428
1607777712218 0.21896087675337275 429
1607777712220 0.21850782942376845 430
1607777712221 0.21829847342971195 431
1607777712223 0.21805165419553713 432
1607777712224 0.21763560947393945 433
1607777712225 0.21721990746027806 434
1607777712227 0.21706441183036967 435
1607777712228 0.2165466599788602 436
1607777712230 0.21625581321821558 437
1607777712231 0.2157788909394183 438
1607777712232 0.21516339707321613 439
1607777712234 0.2147500164903163 440
1607777712235 0.2145270774201503 441
1607777712237 0.21413561762670036 442
1607777712238 0.213732832871845 443
1607777712240 0.21329653313325203 444
1607777712241 0.2128868202974296 445
1607777712242 0.2124470075322995 446
1607777712244 0.21221531627691162 447
1607777712245 0.2118143927739131 448
1607777712247 0.21136295668729058 449
1607777712248 0.21106525193955442 450
1607777712250 0.21054636991315245 451
1607777712251 0.20997577048255556 452
1607777712252 0.20946636932407411 453
1607777712254 0.20903074260088308 454
1607777712255 0.20864360325695644 455
1607777712257 0.2082197852029152 456
1607777712258 0.2080881008581676 457
1607777712260 0.2076657733763579 458
1607777712261 0.20731244103577257 459
1607777712262 0.20691902070299423 460
1607777712264 0.20642734830017942 461
1607777712265 0.20594085898782047 462
1607777712267 0.20551477344884528 463
1607777712268 0.20514437827327264 464
1607777712270 0.20484982083638018 465
1607777712271 0.20456193137825254 466
1607777712272 0.2042768569203855 467
1607777712274 0.20387925451247355 468
1607777712275 0.20344558298823748 469
1607777712277 0.20313945565209063 470
1607777712278 0.2026431526601731 471
1607777712279 0.20224807003534054 472
1607777712281 0.201897412392483 473
1607777712283 0.20163338521285523 474
1607777712284 0.20152379329481251 475
1607777712286 0.20106756908959011 476
1607777712287 0.20099980669666473 477
1607777712288 0.20065722502099542 478
1607777712290 0.20045593895779001 479
1607777712291 0.19992754344029065 480
1607777712293 0.19947489156630896 481
1607777712294 0.19919368573683052 482
1607777712295 0.19896525224924216 483
1607777712297 0.1987326407345573 484
1607777712298 0.19849507357993315 485
1607777712300 0.19835718520733184 486
1607777712301 0.1981156232504764 487
1607777712303 0.19790592209354585 488
1607777712304 0.19756365177352808 489
1607777712305 0.19727559680177337 490
1607777712307 0.19686807294310774 491
1607777712308 0.19649387229288873 492
1607777712310 0.19623773879108952 493
1607777712311 0.19616769993907593 494
1607777712313 0.19602786642588113 495
1607777712314 0.1956099838755927 496
1607777712315 0.19545614161757235 497
1607777712317 0.19495849407127394 498
1607777712318 0.1945950852799788 499
1607777712320 0.1942859546849053 500
1607777712321 0.1939206259810516 501
1607777712322 0.19353566730573946 502
1607777712324 0.19323229841096062 503
1607777712325 0.19297221803058207 504
1607777712327 0.1926489505581475 505
1607777712328 0.19225149046424825 506
1607777712330 0.19219063699971603 507
1607777712331 0.19201055748984025 508
1607777712332 0.19193232959909756 509
1607777712334 0.19186816725859746 510
1607777712335 0.19141193053819364 511
1607777712337 0.19112228581280313 512
1607777712338 0.19079274444058295 513
1607777712339 0.19053723680108559 514
1607777712341 0.19024766068641663 515
1607777712342 0.1901355563061939 516
1607777712344 0.18999880279034953 517
1607777712345 0.18989103024749313 518
1607777712347 0.1897041827184992 519
1607777712348 0.1896333003874624 520
1607777712349 0.18931552571867472 521
1607777712351 0.18908496915749334 522
1607777712352 0.188759593902335 523
1607777712354 0.18835179350843662 524
1607777712355 0.18789209750821895 525
1607777712356 0.18760055469555292 526
1607777712358 0.18728303995266762 527
1607777712359 0.18702639938780635 528
1607777712361 0.1867604871551325 529
1607777712362 0.18643606259411621 530
1607777712363 0.18625633531238872 531
1607777712365 0.18598695494920342 532
1607777712366 0.18588862084666433 533
1607777712368 0.18581855849508763 534
1607777712369 0.18551677601072186 535
1607777712370 0.18543792949754448 536
1607777712372 0.18522288098952344 537
1607777712373 0.18482546382598153 538
1607777712375 0.1845088050860824 539
1607777712376 0.1842130347905063 540
1607777712378 0.18391968233968906 541
1607777712379 0.18351446035743513 542
1607777712380 0.183082313840156 543
1607777712382 0.18288090265847104 544
1607777712383 0.18253069954873977 545
1607777712385 0.1822062237325248 546
1607777712386 0.1820934589998565 547
1607777712388 0.18185476046624402 548
1607777712389 0.18168101708138917 549
1607777712390 0.18153845596518742 550
1607777712392 0.1811201527667499 551
1607777712393 0.1807450911407296 552
1607777712395 0.1804811291723858 553
1607777712396 0.1801806391326564 554
1607777712398 0.18012658065479503 555
1607777712399 0.17989205902960784 556
1607777712400 0.17957187282330514 557
1607777712402 0.1794116602026073 558
1607777712403 0.1792266108554361 559
1607777712405 0.17902532249328365 560
1607777712406 0.17893711756235897 561
1607777712407 0.17870214646191357 562
1607777712409 0.17838520843721486 563
1607777712410 0.17819616917739667 564
1607777712412 0.17792718425093645 565
1607777712413 0.17778545169252943 566
1607777712414 0.17761333152105233 567
1607777712416 0.17734872987808475 568
1607777712417 0.1772841601485133 569
1607777712419 0.17705492369795178 570
1607777712420 0.17677296227326147 571
1607777712421 0.17655144985105922 572
1607777712423 0.17638623136475257 573
1607777712424 0.1760503273556636 574
1607777712426 0.17569962383700852 575
1607777712427 0.17544283472565067 576
1607777712428 0.17516624320748286 577
1607777712430 0.17490161474514518 578
1607777712431 0.17463328099540035 579
1607777712433 0.17439144749807778 580
1607777712434 0.1740507269471057 581
1607777712436 0.17387038181188066 582
1607777712437 0.17371293751780004 583
1607777712438 0.17360932093283624 584
1607777712440 0.1733786628509645 585
1607777712441 0.1731411438127128 586
1607777712443 0.17289491992656622 587
1607777712444 0.17254592653163991 588
1607777712446 0.17227068423250486 589
1607777712447 0.1719653296933875 590
1607777712448 0.17170451365449793 591
1607777712450 0.17165207764870224 592
1607777712451 0.17137301600156096 593
1607777712453 0.17099018352775466 594
1607777712454 0.17088190153118873 595
1607777712455 0.17056875910276603 596
1607777712457 0.17028516630169294 597
1607777712458 0.16998643568977054 598
1607777712460 0.1697403790814638 599
1607777712461 0.1694773515035833 600
1607777712462 0.1691609425667839 601
1607777712464 0.16899429326642673 602
1607777712465 0.16868822055893185 603
1607777712467 0.1683346917549435 604
1607777712468 0.16810812520525378 605
1607777712470 0.16783261062676416 606
1607777712471 0.16766395520878227 607
1607777712472 0.16761930697503333 608
1607777712474 0.16750832544531746 609
1607777712475 0.16728601551426514 610
1607777712476 0.1669722221187069 611
1607777712478 0.1668250273685308 612
1607777712479 0.16649183549404278 613
1607777712481 0.16635421523332222 614
1607777712482 0.16606979563243002 615
1607777712484 0.165810370824596 616
1607777712485 0.16544798752168624 617
1607777712487 0.16512020622674012 618
1607777712488 0.16499000036033287 619
1607777712490 0.16472943881833843 620
1607777712491 0.16437897308483768 621
1607777712492 0.16407023159054476 622
1607777712494 0.16388001596140805 623
1607777712495 0.1636859315223643 624
1607777712497 0.16363584233777215 625
1607777712498 0.16334724750477192 626
1607777712499 0.16330325336666096 627
1607777712501 0.1631528140844533 628
1607777712502 0.16283916567470577 629
1607777712504 0.1625695651099084 630
1607777712505 0.16229345170262446 631
1607777712507 0.16213046047279475 632
1607777712508 0.16186792430500987 633
1607777712509 0.16159118664350053 634
1607777712511 0.16149220352232646 635
1607777712512 0.1614043294919837 636
1607777712514 0.16113361877083515 637
1607777712515 0.16077330290365663 638
1607777712516 0.16058822943376277 639
1607777712518 0.16031788109510542 640
1607777712519 0.16007752658447033 641
1607777712521 0.15984496963378875 642
1607777712522 0.15962813586150065 643
1607777712523 0.15940437372489213 644
1607777712525 0.1593461255721709 645
1607777712526 0.15929125770807628 646
1607777712528 0.15894721793448321 647
1607777712529 0.15872622121911387 648
1607777712530 0.15851507025445363 649
1607777712532 0.15817372264767307 650
1607777712533 0.15799065508049748 651
1607777712535 0.15766327393659998 652
1607777712536 0.15736635497068188 653
1607777712537 0.15729612391428185 654
1607777712539 0.15714828329066716 655
1607777712540 0.15686740985482753 656
1607777712542 0.1567725412189161 657
1607777712543 0.15670853812245936 658
1607777712544 0.1564034465365619 659
1607777712546 0.15607753327779042 660
1607777712547 0.15592407817821924 661
1607777712549 0.15567528799243796 662
1607777712550 0.1553600931540452 663
1607777712552 0.15532520713605502 664
1607777712553 0.15508109997070935 665
1607777712555 0.15478034584777395 666
1607777712556 0.1545087156296468 667
1607777712557 0.15425167179999752 668
1607777712559 0.1541738641949966 669
1607777712560 0.15394606080495724 670
1607777712562 0.15390077135511035 671
1607777712563 0.15379773467867128 672
1607777712564 0.1535136674035545 673
1607777712566 0.15328584890734287 674
1607777712567 0.15310430804901642 675
1607777712569 0.1528145752200126 676
1607777712570 0.15252322876873597 677
1607777712571 0.1522756924649837 678
1607777712573 0.15201246159351994 679
1607777712574 0.1519749430983277 680
1607777712576 0.15181290056360397 681
1607777712577 0.15161522576781755 682
1607777712578 0.15135875185134093 683
1607777712580 0.1510184850621328 684
1607777712581 0.15078855213392667 685
1607777712583 0.1507456844940109 686
1607777712584 0.15059060658916085 687
1607777712586 0.15055236456104557 688
1607777712587 0.15037958757699912 689
1607777712589 0.15010574325061554 690
1607777712590 0.14991243437617854 691
1607777712592 0.149585490148031 692
1607777712593 0.14953076625385117 693
1607777712594 0.1494893590741709 694
1607777712596 0.14927359271408938 695
1607777712597 0.1491329668473909 696
1607777712599 0.1490923656471162 697
1607777712600 0.148868568093865 698
1607777712601 0.14870322705808034 699
1607777712603 0.1485970709268201 700
1607777712604 0.14831920026671838 701
1607777712606 0.1480590770636866 702
1607777712607 0.1477258249460399 703
1607777712608 0.14761320821996754 704
1607777712610 0.14732005383812688 705
1607777712611 0.14704142702401216 706
1607777712613 0.14680552535199867 707
1607777712614 0.14647819418187433 708
1607777712615 0.14638531280714995 709
1607777712617 0.14617737124236146 710
1607777712618 0.14608893282418645 711
1607777712620 0.14597729220993186 712
1607777712621 0.145853078701562 713
1607777712622 0.1456801049424079 714
1607777712624 0.14555273492112913 715
1607777712625 0.14527429844278886 716
1607777712627 0.14505738014181724 717
1607777712628 0.14494099451987477 718
1607777712629 0.14472017418195157 719
1607777712631 0.144472224859965 720
1607777712632 0.14428549857771933 721
1607777712634 0.14402169088057498 722
1607777712635 0.14393090814272522 723
1607777712637 0.14385618033443695 724
1607777712638 0.14359426107867818 725
1607777712639 0.14349176994951962 726
1607777712641 0.14342290277838748 727
1607777712642 0.14335245976056726 728
1607777712644 0.14322537719714837 729
1607777712645 0.14298687558988343 730
1607777712646 0.14268236991412053 731
1607777712648 0.14256868617050736 732
1607777712649 0.14249396869861342 733
1607777712651 0.14230274507489876 734
1607777712652 0.14219970069533516 735
1607777712654 0.14200400401294497 736
1607777712655 0.14170079641022698 737
1607777712656 0.14146577951432485 738
1607777712658 0.1414159846075352 739
1607777712659 0.1411544378381764 740
1607777712661 0.14109659505365782 741
1607777712662 0.14077951641242692 742
1607777712663 0.14052791515546476 743
1607777712665 0.14029628006915346 744
1607777712666 0.14007102334410318 745
1607777712668 0.13995844806106328 746
1607777712669 0.1397538873072093 747
1607777712670 0.13951597379034342 748
1607777712672 0.1392498683412473 749
1607777712673 0.13916003756470902 750
1607777712675 0.13893852020674374 751
1607777712676 0.138657935357709 752
1607777712677 0.1383842358392147 753
1607777712679 0.13806973252001414 754
1607777712680 0.13785105550749485 755
1607777712682 0.13762610638456513 756
1607777712683 0.1374097822577537 757
1607777712685 0.1372444314595005 758
1607777712686 0.13716565766369174 759
1607777712688 0.13700488020872273 760
1607777712689 0.13675823604341336 761
1607777712691 0.13654134842182017 762
1607777712692 0.13646231162246925 763
1607777712693 0.13630594517864122 764
1607777712695 0.13621001953481165 765
1607777712696 0.13596248155823082 766
1607777712698 0.1357908341880456 767
1607777712699 0.13560539790591164 768
1607777712700 0.13548625477648696 769
1607777712702 0.13524177333375392 770
1607777712703 0.13507222926730988 771
1607777712705 0.13482047067347822 772
1607777712706 0.13460596443063988 773
1607777712708 0.1344295587399177 774
1607777712709 0.13430886252732888 775
1607777712710 0.13419038224699364 776
1607777712712 0.13397152978918084 777
1607777712713 0.13375510880508407 778
1607777712715 0.13360406010253437 779
1607777712716 0.13346292055235212 780
1607777712717 0.13318277928215183 781
1607777712719 0.13297871565026695 782
1607777712720 0.13282825271601248 783
1607777712722 0.13260921795743164 784
1607777712723 0.13243601838650154 785
1607777712724 0.13220220547689912 786
1607777712726 0.1320150196699215 787
1607777712727 0.1317913827610788 788
1607777712729 0.13152642903489584 789
1607777712730 0.13131515954671047 790
1607777712731 0.1310919419461622 791
1607777712733 0.1308175920418347 792
1607777712734 0.13074871235444174 793
1607777712736 0.13072019988425895 794
1607777712737 0.1305912245736196 795
1607777712738 0.13049622859999768 796
1607777712740 0.1303632164569968 797
1607777712741 0.1303118971341786 798
1607777712743 0.13019082945227367 799
1607777712744 0.12988146890577956 800
1607777712746 0.12986020656559716 801
1607777712747 0.12966682742915406 802
1607777712748 0.12938837443705262 803
1607777712750 0.12932324130515035 804
1607777712751 0.12915351697298777 805
1607777712753 0.12897849617917564 806
1607777712754 0.12869300140696024 807
1607777712756 0.12862916627838847 808
1607777712757 0.12847463541730256 809
1607777712758 0.1282675672038101 810
1607777712760 0.1280467397007952 811
1607777712761 0.1278491238305782 812
1607777712763 0.12766351918652644 813
1607777712764 0.12743427987432251 814
1607777712766 0.12726658477871944 815
1607777712767 0.12719484792942476 816
1607777712768 0.12701229029874728 817
1607777712770 0.12677723647620678 818
1607777712771 0.12664797017121135 819
1607777712773 0.12643404525006197 820
1607777712774 0.12624832776910236 821
1607777712775 0.12603298406796462 822
1607777712777 0.12590113555661897 823
1607777712778 0.12564825471001276 824
1607777712780 0.1256194088830121 825
1607777712781 0.12543246557377102 826
1607777712782 0.12534204805868224 827
1607777712784 0.1252507509486344 828
1607777712786 0.12516184226494914 829
1607777712787 0.12493722599976327 830
1607777712789 0.1247077935916648 831
1607777712790 0.12448476482110987 832
1607777712791 0.12426564743635121 833
1607777712793 0.12408316516101035 834
1607777712794 0.12402940759479085 835
1607777712796 0.12388633579359083 836
1607777712797 0.12386155057024902 837
1607777712799 0.12380447271096429 838
1607777712800 0.12361794148627485 839
1607777712801 0.12340729386502751 840
1607777712803 0.1232104547617384 841
1607777712804 0.12300975655241596 842
1607777712806 0.12276910365089329 843
1607777712807 0.12266399315231082 844
1607777712809 0.12250329543719736 845
1607777712810 0.12228729625933416 846
1607777712811 0.12225987955756165 847
1607777712813 0.1221120916157329 848
1607777712814 0.12190073252176233 849
1607777712816 0.1218205020714962 850
1607777712817 0.12161396442660745 851
1607777712818 0.12142085238621247 852
1607777712820 0.12123774261784072 853
1607777712821 0.1210415206199684 854
1607777712823 0.12082833853899413 855
1607777712824 0.12069409630899394 856
1607777712826 0.12051087073364303 857
1607777712827 0.12036638208437701 858
1607777712828 0.12024356352673546 859
1607777712830 0.12008407397622173 860
1607777712831 0.11987222072982692 861
1607777712833 0.11968014582203552 862
1607777712834 0.11956132908694946 863
1607777712835 0.11947011473765748 864
1607777712837 0.11928355135594836 865
1607777712838 0.11913795819725269 866
1607777712840 0.11905712814431656 867
1607777712841 0.11902380308236113 868
1607777712843 0.11889527388168872 869
1607777712844 0.11885648236445778 870
1607777712845 0.11872183815984023 871
1607777712847 0.1187037984753244 872
1607777712848 0.11855248980798733 873
1607777712850 0.11848163752016083 874
1607777712851 0.11829225859505531 875
1607777712852 0.11819484989362174 876
1607777712854 0.11814417414742524 877
1607777712855 0.11799879896832256 878
1607777712857 0.11786058182051144 879
1607777712858 0.1178193283133248 880
1607777712860 0.11765143105394044 881
1607777712861 0.11761247118775071 882
1607777712862 0.11751780409649352 883
1607777712864 0.11743540140853188 884
1607777712865 0.11736582650610572 885
1607777712867 0.1171636274433229 886
1607777712868 0.11698946617052981 887
1607777712869 0.11680060055042168 888
1607777712871 0.1166038633053261 889
1607777712872 0.11654044334460918 890
1607777712874 0.11651284865230899 891
1607777712875 0.11649651090019411 892
1607777712876 0.1164123404800528 893
1607777712878 0.11632570111611254 894
1607777712879 0.11613773787532698 895
1607777712881 0.11594981653721395 896
1607777712882 0.11591965252957047 897
1607777712884 0.11573696801174903 898
1607777712885 0.1156871954595948 899
1607777712887 0.11551409825367738 900
1607777712888 0.11549919171628638 901
1607777712890 0.11541985625571805 902
1607777712891 0.11539744630332886 903
1607777712892 0.11528636024340674 904
1607777712894 0.11527205956073179 905
1607777712895 0.11514253481510583 906
1607777712897 0.11498298070223764 907
1607777712898 0.11495440736010248 908
1607777712900 0.11491072028243578 909
1607777712901 0.11486167396508006 910
1607777712902 0.11480348266881447 911
1607777712904 0.11463024599872401 912
1607777712905 0.11452449856453613 913
1607777712907 0.11432279012293137 914
1607777712908 0.11418173139889112 915
1607777712909 0.11413174729986637 916
1607777712911 0.11406043929997507 917
1607777712913 0.11389658166638972 918
1607777712914 0.11381686684860837 919
1607777712916 0.11371375219975677 920
1607777712917 0.11366947698338874 921
1607777712919 0.1135867083944781 922
1607777712920 0.11339495171092492 923
1607777712921 0.11323555226168007 924
1607777712923 0.11322259299995249 925
1607777712924 0.11304378431232535 926
1607777712926 0.1128433839738439 927
1607777712927 0.11271953675414477 928
1607777712929 0.1125094536009363 929
1607777712930 0.11235207170158115 930
1607777712931 0.1121564744627993 931
1607777712933 0.11201061942857422 932
1607777712934 0.11187720120001214 933
1607777712936 0.11168418147569292 934
1607777712937 0.11152048080283751 935
1607777712938 0.11143916212250884 936
1607777712940 0.1113806825383352 937
1607777712941 0.11135605155882118 938
1607777712943 0.11119159829099826 939
1607777712944 0.11099192994829607 940
1607777712946 0.11084939210262754 941
1607777712947 0.1107246205579413 942
1607777712948 0.1105698257395164 943
1607777712950 0.11045611505770254 944
1607777712951 0.1103495355732027 945
1607777712953 0.11020271935308709 946
1607777712954 0.11003907734749205 947
1607777712956 0.10993683389586853 948
1607777712957 0.10978021607559992 949
1607777712958 0.10961113286218162 950
1607777712960 0.10940978627816653 951
1607777712961 0.10923312071857022 952
1607777712963 0.10907223239597497 953
1607777712964 0.10893552321139628 954
1607777712966 0.10885248379865077 955
1607777712967 0.1086959034337112 956
1607777712968 0.10850792456919804 957
1607777712970 0.10836744816484747 958
1607777712971 0.10823285044550868 959
1607777712973 0.10807599800405591 960
1607777712974 0.10786875973246612 961
1607777712976 0.10774245099007924 962
1607777712977 0.10760978685699792 963
1607777712978 0.10746557912369045 964
1607777712980 0.10731036105348883 965
1607777712981 0.10719047622072513 966
1607777712983 0.10703990606013705 967
1607777712984 0.10690714492181021 968
1607777712985 0.10680000155622128 969
1607777712987 0.10671411483579012 970
1607777712989 0.10669186989652235 971
1607777712990 0.10653470867847725 972
1607777712992 0.10644577208124506 973
1607777712993 0.10629517780822302 974
1607777712994 0.1062798704156923 975
1607777712996 0.10625864948967109 976
1607777712997 0.10611634764283866 977
1607777712999 0.10599593655061051 978
1607777713000 0.10585147248049048 979
1607777713002 0.10574439248513474 980
1607777713003 0.10566561414806995 981
1607777713005 0.10550287445690118 982
1607777713006 0.10541364699941669 983
1607777713007 0.10535252279940117 984
1607777713009 0.10517161941858999 985
1607777713010 0.10503931540471455 986
1607777713012 0.10498516394866929 987
1607777713013 0.10483371267568771 988
1607777713014 0.10477622263740907 989
1607777713016 0.10461490618203675 990
1607777713017 0.1044542104687814 991
1607777713019 0.10424090073643723 992
1607777713020 0.10405818452651756 993
1607777713022 0.10400273847997582 994
1607777713023 0.1038826197508045 995
1607777713024 0.10377072151046575 996
1607777713026 0.10367236002181295 997
1607777713027 0.10361226818750503 998
1607777713029 0.10342842446165582 999
1607777713033 0.10342842446165582 1000
