1607777756814 1.933541336277734 0
1607777756816 1.8509436284744096 1
1607777756818 1.772941184923243 2
1607777756819 1.6991117512909502 3
1607777756821 1.6296776432698836 4
1607777756823 1.5636261393453394 5
1607777756824 1.5017803631877027 6
1607777756826 1.4434336645338954 7
1607777756827 1.3880173543720793 8
1607777756829 1.3362741823283963 9
1607777756830 1.2874482050221567 10
1607777756831 1.2412878770524953 11
1607777756832 1.1981182849806686 12
1607777756834 1.157557544649926 13
1607777756835 1.1194087427989496 14
1607777756837 1.0834174365792486 15
1607777756838 1.0495707816023896 16
1607777756840 1.017849704537356 17
1607777756841 0.9879230619683091 18
1607777756843 0.9600040914971919 19
1607777756845 0.9335323587886124 20
1607777756846 0.9089642522971264 21
1607777756847 0.8856328647464747 22
1607777756849 0.863937190106915 23
1607777756850 0.8436032458723417 24
1607777756852 0.8246591720781997 25
1607777756853 0.8066276217408394 26
1607777756855 0.789820475652577 27
1607777756856 0.7739527112678238 28
1607777756858 0.7588986634154807 29
1607777756859 0.7450085243083426 30
1607777756861 0.7320020888053121 31
1607777756862 0.7200792247290058 32
1607777756864 0.7086964239437293 33
1607777756865 0.6977402850592574 34
1607777756866 0.6870205506921289 35
1607777756868 0.6772322265109634 36
1607777756869 0.6669940457441327 37
1607777756870 0.6580061634768236 38
1607777756872 0.6485975670994681 39
1607777756873 0.6405445661807383 40
1607777756875 0.6325773331930151 41
1607777756876 0.6250645934119697 42
1607777756878 0.6181702673953967 43
1607777756879 0.6115270000664134 44
1607777756880 0.6047673148108587 45
1607777756882 0.5986471363758764 46
1607777756883 0.5922545676258434 47
1607777756884 0.5866854754887264 48
1607777756886 0.5813488045092899 49
1607777756887 0.5755449650048095 50
1607777756889 0.5702030657324304 51
1607777756890 0.564691784825652 52
1607777756892 0.559914038202324 53
1607777756893 0.5553433748801102 54
1607777756895 0.5504242859529015 55
1607777756896 0.5457256482584308 56
1607777756897 0.5414239927755816 57
1607777756899 0.5370591513037601 58
1607777756900 0.5330565449012473 59
1607777756901 0.5290376032609585 60
1607777756903 0.5249112158311061 61
1607777756904 0.5211000070265154 62
1607777756906 0.5174371456312327 63
1607777756907 0.5140313254446254 64
1607777756909 0.5106301367430433 65
1607777756910 0.5079068791558905 66
1607777756912 0.5046453011455991 67
1607777756914 0.5014646668475167 68
1607777756916 0.4978661485343132 69
1607777756918 0.49454205388044303 70
1607777756919 0.4911337794434589 71
1607777756920 0.48803662539288467 72
1607777756922 0.48517329832057593 73
1607777756923 0.48175559709845783 74
1607777756925 0.4788129898739623 75
1607777756926 0.47646202544710353 76
1607777756928 0.47399033527159434 77
1607777756931 0.4711894654082094 78
1607777756932 0.4685701527071069 79
1607777756934 0.4661984824026204 80
1607777756935 0.463531114887167 81
1607777756937 0.46133277500083075 82
1607777756938 0.45922335072570064 83
1607777756939 0.45715212980278913 84
1607777756941 0.4547563432888655 85
1607777756942 0.45227281592482566 86
1607777756944 0.44995273744105846 87
1607777756945 0.44763677911610855 88
1607777756946 0.4456176987629318 89
1607777756948 0.44404278215177123 90
1607777756949 0.4420990814648081 91
1607777756951 0.44000572599127186 92
1607777756952 0.43837544015654384 93
1607777756953 0.4368668275452616 94
1607777756955 0.43482918550362604 95
1607777756956 0.4329323929626466 96
1607777756958 0.43068282636475563 97
1607777756959 0.42890365552006526 98
1607777756960 0.4272619358263111 99
1607777756962 0.42604690220116986 100
1607777756963 0.4245924442827581 101
1607777756965 0.42276740802147417 102
1607777756967 0.4204111827425532 103
1607777756969 0.41942569470998176 104
1607777756970 0.4176725462535852 105
1607777756972 0.41654237132108807 106
1607777756973 0.41472408108870357 107
1607777756975 0.41399160910809296 108
1607777756976 0.4121478749014749 109
1607777756978 0.4101734594210798 110
1607777756979 0.4089475618856932 111
1607777756980 0.40697224168980434 112
1607777756982 0.40586687004503585 113
1607777756983 0.40430216882626036 114
1607777756985 0.403693357617443 115
1607777756986 0.40254777279628373 116
1607777756988 0.40168931053045553 117
1607777756989 0.4010625815010828 118
1607777756990 0.40038774425758444 119
1607777756992 0.39981695884094876 120
1607777756993 0.3981094073842528 121
1607777756995 0.39672661383967445 122
1607777756996 0.39483986461582066 123
1607777756997 0.39356886870244867 124
1607777756999 0.3929555447908912 125
1607777757000 0.3913184163078396 126
1607777757002 0.38979988456784254 127
1607777757003 0.38924913590670945 128
1607777757004 0.38867816067231725 129
1607777757006 0.387930559818446 130
1607777757007 0.3864124812729453 131
1607777757009 0.38598783610845677 132
1607777757010 0.38483005820698907 133
1607777757012 0.38430970630568895 134
1607777757013 0.38301048390879344 135
1607777757014 0.38248044275500587 136
1607777757016 0.38200106811585144 137
1607777757017 0.3813820327962235 138
1607777757019 0.38078569479289254 139
1607777757020 0.38038141626539074 140
1607777757021 0.3797443380593167 141
1607777757023 0.37837743612765623 142
1607777757024 0.37746674019880827 143
1607777757026 0.3766617441184645 144
1607777757027 0.3762492981309421 145
1607777757028 0.37517088942629906 146
1607777757030 0.37383374708781325 147
1607777757031 0.373382083290817 148
1607777757033 0.37191843620885745 149
1607777757034 0.37100998131488083 150
1607777757035 0.3704252226647204 151
1607777757037 0.3692083663539113 152
1607777757038 0.36785882878131176 153
1607777757040 0.366855832452706 154
1607777757041 0.3661481332480838 155
1607777757043 0.3655143729656106 156
1607777757044 0.3651301508050538 157
1607777757045 0.36474843737837087 158
1607777757047 0.3643467251149601 159
1607777757048 0.3628493657957981 160
1607777757050 0.36261550246707913 161
1607777757051 0.3619736723679454 162
1607777757052 0.3616983384076436 163
1607777757054 0.36145146356538876 164
1607777757055 0.36097124741584474 165
1607777757057 0.360527529018866 166
1607777757058 0.3591536669899781 167
1607777757059 0.358119506086628 168
1607777757061 0.35711944124307665 169
1607777757062 0.3568117624168508 170
1607777757064 0.3561338660385807 171
1607777757065 0.3555992631826218 172
1607777757067 0.3547161734730263 173
1607777757068 0.3544983890111867 174
1607777757069 0.35387883571476036 175
1607777757071 0.3534422720934075 176
1607777757072 0.35277102720417897 177
1607777757074 0.3521429852287317 178
1607777757075 0.3511317067829543 179
1607777757077 0.35016788355634737 180
1607777757078 0.3497149939599276 181
1607777757080 0.3485975579055212 182
1607777757081 0.34794209120537095 183
1607777757083 0.3466084041265154 184
1607777757085 0.3454252276127229 185
1607777757086 0.3451516241200585 186
1607777757088 0.3445379822694811 187
1607777757089 0.3439906480456367 188
1607777757091 0.3430138856056697 189
1607777757092 0.3424993589242502 190
1607777757094 0.3421543873252096 191
1607777757096 0.3415930536164395 192
1607777757097 0.3409093250844951 193
1607777757099 0.34062773176528555 194
1607777757100 0.33984944512763715 195
1607777757101 0.3395810170927803 196
1607777757103 0.33924250900403446 197
1607777757104 0.338607375686303 198
1607777757106 0.3375805868478724 199
1607777757107 0.33735155874321454 200
1607777757109 0.3364954166214518 201
1607777757110 0.3359340406357318 202
1607777757112 0.33578341764857206 203
1607777757113 0.33523566300178365 204
1607777757115 0.33368699793044854 205
1607777757116 0.33255666368532005 206
1607777757118 0.3322334684190763 207
1607777757120 0.3312723687722537 208
1607777757121 0.3308302053398758 209
1607777757122 0.32985939812453235 210
1607777757124 0.32872810308985173 211
1607777757125 0.3277260014733001 212
1607777757127 0.32745025170108016 213
1607777757128 0.32674841252287795 214
1607777757130 0.3257275715591821 215
1607777757131 0.32478868289049817 216
1607777757132 0.3240579681760412 217
1607777757134 0.3237688584517453 218
1607777757135 0.3233302420096065 219
1607777757137 0.32218645882442637 220
1607777757138 0.32180557482192057 221
1607777757139 0.3212062869456663 222
1607777757141 0.32097631359706047 223
1607777757142 0.32000458252833525 224
1607777757144 0.3195433806767226 225
1607777757145 0.31937972786246527 226
1607777757147 0.3183799557575843 227
1607777757148 0.3180729696982458 228
1607777757150 0.3173599595418034 229
1607777757151 0.3168872431715975 230
1607777757152 0.3162700005487693 231
1607777757154 0.3156078107224036 232
1607777757155 0.31473662850760137 233
1607777757157 0.31429893439361384 234
1607777757158 0.3133037272614887 235
1607777757159 0.3126810128199867 236
1607777757161 0.31215760532910874 237
1607777757162 0.31148391224281086 238
1607777757164 0.31055180496852636 239
1607777757165 0.309674211793393 240
1607777757166 0.30917220392400036 241
1607777757168 0.30896510024719304 242
1607777757169 0.3085653154590458 243
1607777757171 0.30743090392051586 244
1607777757172 0.30650612050941606 245
1607777757173 0.3056137751565421 246
1607777757175 0.30512419168892724 247
1607777757176 0.3043404800472959 248
1607777757178 0.30342506828704285 249
1607777757179 0.30278118817861177 250
1607777757180 0.30254494770927226 251
1607777757182 0.30155912256410916 252
1607777757183 0.30093567278167976 253
1607777757185 0.3002054213387622 254
1607777757186 0.2996205555393002 255
1607777757187 0.298812403943191 256
1607777757189 0.29843944903996394 257
1607777757190 0.29817920477685905 258
1607777757192 0.2973475692620258 259
1607777757193 0.29672432163340395 260
1607777757194 0.2962064083340684 261
1607777757196 0.29561337471504323 262
1607777757197 0.29537407048077013 263
1607777757199 0.29452792031963454 264
1607777757200 0.2941665579856973 265
1607777757201 0.2933975144407352 266
1607777757203 0.29301268196027136 267
1607777757204 0.2925592366727323 268
1607777757206 0.29231339563600583 269
1607777757207 0.2918294668615281 270
1607777757208 0.29134916260662463 271
1607777757210 0.2911367031322408 272
1607777757211 0.2906926701972631 273
1607777757213 0.2902264894286626 274
1607777757214 0.28953545503420397 275
1607777757216 0.2887790803782611 276
1607777757217 0.2884972451463762 277
1607777757218 0.2876149696655138 278
1607777757220 0.28741422226874463 279
1607777757221 0.2872670887033882 280
1607777757223 0.2866304674022229 281
1607777757224 0.2858329224737686 282
1607777757226 0.28550210199489345 283
1607777757227 0.2845388384577784 284
1607777757228 0.28420849243736684 285
1607777757230 0.28400866254346274 286
1607777757231 0.2838278741854585 287
1607777757233 0.2829095051146831 288
1607777757234 0.28270289361973017 289
1607777757236 0.28241484395992916 290
1607777757237 0.2817620102163285 291
1607777757239 0.2809489066575689 292
1607777757240 0.28040837908173366 293
1607777757242 0.2800238331401685 294
1607777757243 0.2795326029808116 295
1607777757245 0.27866441240949724 296
1607777757246 0.2779084236258373 297
1607777757248 0.27709404104384444 298
1607777757249 0.27650322772389596 299
1607777757250 0.2757693486430021 300
1607777757252 0.2754275726566125 301
1607777757253 0.2747826568913551 302
1607777757255 0.2745638587528252 303
1607777757256 0.2742446024455684 304
1607777757258 0.273803433339045 305
1607777757259 0.2732716144607409 306
1607777757260 0.2726614334170873 307
1607777757262 0.2723221927210123 308
1607777757263 0.27159325638661475 309
1607777757265 0.2711989077091223 310
1607777757266 0.2705831350448753 311
1607777757268 0.2701546461674409 312
1607777757269 0.26917373675157596 313
1607777757270 0.268590785184282 314
1607777757272 0.2678879470698583 315
1607777757273 0.267297612015971 316
1607777757275 0.26705172406945543 317
1607777757276 0.26659134385003763 318
1607777757278 0.26626054803703486 319
1607777757279 0.26589813314164096 320
1607777757280 0.26541584399765616 321
1607777757282 0.2649899556050858 322
1607777757283 0.2646690994349812 323
1607777757285 0.2637307458288702 324
1607777757286 0.2630523628711849 325
1607777757288 0.26246071976833474 326
1607777757289 0.26193142057256374 327
1607777757290 0.2615851348250565 328
1607777757292 0.26128451044819 329
1607777757293 0.26077072580753763 330
1607777757295 0.26017897679635404 331
1607777757296 0.2594672264107183 332
1607777757298 0.2591631543252554 333
1607777757299 0.2588884234644651 334
1607777757300 0.2585310013356185 335
1607777757302 0.25799914000845814 336
1607777757303 0.2576605826826033 337
1607777757305 0.2570126435765472 338
1607777757306 0.25654182554100297 339
1607777757308 0.2559683407619074 340
1607777757309 0.2557262844917024 341
1607777757310 0.255106726887813 342
1607777757312 0.25485025988945736 343
1607777757313 0.25420096607420817 344
1607777757315 0.25350478487057654 345
1607777757316 0.25278035826508993 346
1607777757318 0.25249935387425976 347
1607777757319 0.25189428100984107 348
1607777757320 0.251657815161301 349
1607777757322 0.2515434873099905 350
1607777757323 0.2513036194151716 351
1607777757325 0.25096954820047995 352
1607777757326 0.2503451222075801 353
1607777757328 0.25014678064121304 354
1607777757329 0.24956541942383756 355
1607777757331 0.24900760174208075 356
1607777757332 0.2483961259170031 357
1607777757333 0.24782383918911288 358
1607777757335 0.24745167312195196 359
1607777757336 0.24690367768972293 360
1607777757338 0.24665715786059964 361
1607777757339 0.24602413708624551 362
1607777757341 0.24556600479185164 363
1607777757342 0.24524434436406778 364
1607777757344 0.24475327257405524 365
1607777757346 0.24436927553615728 366
1607777757347 0.24407095722398764 367
1607777757348 0.24350497355609996 368
1607777757350 0.24291886553111838 369
1607777757351 0.24244689766798466 370
1607777757353 0.2419482684817129 371
1607777757355 0.24134984332635018 372
1607777757356 0.24114447231200012 373
1607777757357 0.24077809890002777 374
1607777757359 0.2402760466295858 375
1607777757360 0.2398766369097756 376
1607777757362 0.2394296474866539 377
1607777757363 0.23920967363318216 378
1607777757364 0.2386505317674206 379
1607777757366 0.23814345560931915 380
1607777757367 0.23755589292657045 381
1607777757369 0.23730420226930854 382
1607777757370 0.23697818766168405 383
1607777757371 0.2364364963466785 384
1607777757373 0.23584789533732672 385
1607777757374 0.235351956870562 386
1607777757376 0.23513167161118592 387
1607777757378 0.23460641885575367 388
1607777757379 0.2340482707355679 389
1607777757380 0.233420189283733 390
1607777757382 0.232862467965933 391
1607777757383 0.2323738898427044 392
1607777757385 0.2319645459001556 393
1607777757386 0.2315760307276969 394
1607777757387 0.2307661777752383 395
1607777757389 0.23043957484946037 396
1607777757390 0.23014930204962883 397
1607777757392 0.22994074244975446 398
1607777757393 0.22939365308571208 399
1607777757394 0.22906096717102534 400
1607777757396 0.22833292457466403 401
1607777757397 0.2281252888388045 402
1607777757399 0.22778028696449634 403
1607777757400 0.22744778252008574 404
1607777757401 0.2270890160952213 405
1607777757403 0.22670638009099267 406
1607777757404 0.22649125491162328 407
1607777757406 0.22611530139822303 408
1607777757407 0.22565749929485657 409
1607777757408 0.22517128919588092 410
1607777757410 0.22484156469924388 411
1607777757411 0.22448876119007305 412
1607777757412 0.22402143642927247 413
1607777757414 0.22389985474803403 414
1607777757415 0.22366190233946123 415
1607777757417 0.22338224316641286 416
1607777757418 0.222918821534599 417
1607777757420 0.22254605085501727 418
1607777757421 0.22213303251006253 419
1607777757422 0.22203392828800583 420
1607777757424 0.22153520873567217 421
1607777757425 0.22119677169485788 422
1607777757427 0.22080412315606843 423
1607777757428 0.22061721828108538 424
1607777757429 0.2203059764883812 425
1607777757431 0.21993353925608378 426
1607777757432 0.2195582292547703 427
1607777757434 0.21916138119058554 428
1607777757435 0.2189608767533728 429
1607777757436 0.21850782942376842 430
1607777757438 0.21829847342971195 431
1607777757439 0.21805165419553713 432
1607777757441 0.21763560947393942 433
1607777757442 0.21721990746027806 434
1607777757443 0.21706441183036965 435
1607777757445 0.2165466599788602 436
1607777757446 0.21625581321821555 437
1607777757448 0.2157788909394183 438
1607777757449 0.21516339707321613 439
1607777757450 0.2147500164903163 440
1607777757452 0.2145270774201503 441
1607777757453 0.21413561762670036 442
1607777757455 0.213732832871845 443
1607777757456 0.21329653313325198 444
1607777757457 0.2128868202974296 445
1607777757459 0.2124470075322995 446
1607777757460 0.21221531627691162 447
1607777757462 0.2118143927739131 448
1607777757463 0.21136295668729058 449
1607777757464 0.21106525193955444 450
1607777757466 0.21054636991315245 451
1607777757467 0.20997577048255556 452
1607777757469 0.20946636932407411 453
1607777757470 0.2090307426008831 454
1607777757471 0.20864360325695644 455
1607777757473 0.20821978520291518 456
1607777757474 0.2080881008581676 457
1607777757476 0.20766577337635792 458
1607777757477 0.2073124410357726 459
1607777757478 0.20691902070299423 460
1607777757480 0.20642734830017942 461
1607777757481 0.2059408589878205 462
1607777757483 0.20551477344884528 463
1607777757484 0.20514437827327264 464
1607777757485 0.20484982083638018 465
1607777757487 0.20456193137825252 466
1607777757488 0.2042768569203855 467
1607777757490 0.20387925451247355 468
1607777757491 0.20344558298823748 469
1607777757492 0.20313945565209063 470
1607777757494 0.20264315266017313 471
1607777757495 0.20224807003534054 472
1607777757497 0.201897412392483 473
1607777757498 0.20163338521285523 474
1607777757499 0.20152379329481251 475
1607777757501 0.20106756908959011 476
1607777757502 0.20099980669666476 477
1607777757504 0.20065722502099542 478
1607777757505 0.20045593895779001 479
1607777757506 0.19992754344029068 480
1607777757508 0.19947489156630896 481
1607777757509 0.1991936857368305 482
1607777757511 0.1989652522492422 483
1607777757512 0.19873264073455732 484
1607777757513 0.19849507357993315 485
1607777757515 0.19835718520733184 486
1607777757516 0.19811562325047638 487
1607777757518 0.19790592209354588 488
1607777757519 0.19756365177352808 489
1607777757520 0.19727559680177337 490
1607777757522 0.19686807294310776 491
1607777757523 0.1964938722928887 492
1607777757525 0.1962377387910895 493
1607777757526 0.19616769993907596 494
1607777757527 0.19602786642588116 495
1607777757529 0.19560998387559272 496
1607777757530 0.19545614161757235 497
1607777757532 0.19495849407127397 498
1607777757533 0.19459508527997882 499
1607777757535 0.1942859546849053 500
1607777757536 0.19392062598105156 501
1607777757537 0.19353566730573943 502
1607777757539 0.19323229841096062 503
1607777757540 0.19297221803058207 504
1607777757541 0.1926489505581475 505
1607777757543 0.19225149046424825 506
1607777757544 0.19219063699971603 507
1607777757546 0.19201055748984025 508
1607777757547 0.19193232959909756 509
1607777757549 0.19186816725859743 510
1607777757550 0.19141193053819366 511
1607777757551 0.19112228581280313 512
1607777757553 0.19079274444058297 513
1607777757554 0.19053723680108559 514
1607777757556 0.19024766068641663 515
1607777757557 0.1901355563061939 516
1607777757558 0.18999880279034953 517
1607777757560 0.18989103024749315 518
1607777757561 0.1897041827184992 519
1607777757563 0.1896333003874624 520
1607777757564 0.18931552571867472 521
1607777757565 0.18908496915749334 522
1607777757567 0.188759593902335 523
1607777757568 0.1883517935084366 524
1607777757570 0.18789209750821895 525
1607777757571 0.18760055469555295 526
1607777757572 0.18728303995266768 527
1607777757574 0.18702639938780632 528
1607777757575 0.18676048715513252 529
1607777757577 0.18643606259411624 530
1607777757578 0.1862563353123887 531
1607777757579 0.1859869549492034 532
1607777757581 0.18588862084666433 533
1607777757582 0.18581855849508763 534
1607777757584 0.18551677601072183 535
1607777757585 0.18543792949754445 536
1607777757586 0.18522288098952344 537
1607777757588 0.18482546382598153 538
1607777757589 0.1845088050860824 539
1607777757591 0.18421303479050627 540
1607777757592 0.18391968233968906 541
1607777757593 0.18351446035743518 542
1607777757595 0.183082313840156 543
1607777757596 0.182880902658471 544
1607777757598 0.18253069954873974 545
1607777757599 0.1822062237325248 546
1607777757600 0.1820934589998565 547
1607777757602 0.18185476046624405 548
1607777757603 0.1816810170813892 549
1607777757605 0.18153845596518742 550
1607777757606 0.1811201527667499 551
1607777757607 0.1807450911407296 552
1607777757609 0.1804811291723858 553
1607777757610 0.1801806391326564 554
1607777757611 0.18012658065479503 555
1607777757613 0.17989205902960784 556
1607777757614 0.1795718728233051 557
1607777757616 0.1794116602026073 558
1607777757617 0.1792266108554361 559
1607777757618 0.17902532249328365 560
1607777757620 0.17893711756235897 561
1607777757621 0.1787021464619136 562
1607777757623 0.17838520843721484 563
1607777757624 0.17819616917739667 564
1607777757625 0.17792718425093645 565
1607777757627 0.17778545169252943 566
1607777757628 0.17761333152105233 567
1607777757630 0.17734872987808475 568
1607777757631 0.17728416014851328 569
1607777757632 0.1770549236979518 570
1607777757634 0.1767729622732615 571
1607777757635 0.17655144985105922 572
1607777757637 0.17638623136475257 573
1607777757638 0.17605032735566362 574
1607777757639 0.17569962383700852 575
1607777757641 0.17544283472565067 576
1607777757642 0.17516624320748286 577
1607777757643 0.1749016147451452 578
1607777757645 0.17463328099540035 579
1607777757646 0.17439144749807775 580
1607777757648 0.1740507269471057 581
1607777757649 0.17387038181188066 582
1607777757650 0.17371293751779998 583
1607777757652 0.17360932093283624 584
1607777757653 0.1733786628509645 585
1607777757655 0.17314114381271278 586
1607777757656 0.17289491992656622 587
1607777757657 0.17254592653163994 588
1607777757659 0.17227068423250483 589
1607777757660 0.17196532969338751 590
1607777757661 0.17170451365449793 591
1607777757663 0.17165207764870224 592
1607777757664 0.17137301600156096 593
1607777757666 0.1709901835277547 594
1607777757667 0.17088190153118873 595
1607777757668 0.17056875910276603 596
1607777757670 0.17028516630169294 597
1607777757671 0.16998643568977054 598
1607777757673 0.1697403790814638 599
1607777757674 0.16947735150358334 600
1607777757675 0.16916094256678393 601
1607777757677 0.1689942932664267 602
1607777757678 0.16868822055893185 603
1607777757680 0.1683346917549435 604
1607777757681 0.16810812520525378 605
1607777757683 0.16783261062676416 606
1607777757684 0.16766395520878227 607
1607777757685 0.16761930697503333 608
1607777757687 0.1675083254453175 609
1607777757688 0.16728601551426514 610
1607777757690 0.1669722221187069 611
1607777757691 0.1668250273685308 612
1607777757692 0.16649183549404278 613
1607777757694 0.16635421523332225 614
1607777757695 0.16606979563243 615
1607777757697 0.165810370824596 616
1607777757698 0.16544798752168624 617
1607777757699 0.16512020622674012 618
1607777757701 0.16499000036033287 619
1607777757702 0.16472943881833843 620
1607777757703 0.16437897308483768 621
1607777757705 0.16407023159054476 622
1607777757706 0.16388001596140805 623
1607777757708 0.16368593152236433 624
1607777757709 0.16363584233777215 625
1607777757711 0.16334724750477192 626
1607777757712 0.16330325336666096 627
1607777757713 0.1631528140844533 628
1607777757715 0.16283916567470574 629
1607777757716 0.1625695651099084 630
1607777757718 0.16229345170262446 631
1607777757719 0.16213046047279475 632
1607777757720 0.16186792430500985 633
1607777757722 0.16159118664350053 634
1607777757723 0.16149220352232643 635
1607777757725 0.1614043294919837 636
1607777757726 0.16113361877083512 637
1607777757727 0.16077330290365666 638
1607777757729 0.16058822943376277 639
1607777757730 0.16031788109510542 640
1607777757731 0.16007752658447033 641
1607777757733 0.15984496963378875 642
1607777757734 0.15962813586150065 643
1607777757736 0.15940437372489213 644
1607777757737 0.1593461255721709 645
1607777757738 0.15929125770807628 646
1607777757740 0.15894721793448321 647
1607777757741 0.15872622121911384 648
1607777757742 0.15851507025445363 649
1607777757744 0.15817372264767307 650
1607777757745 0.15799065508049748 651
1607777757747 0.15766327393659998 652
1607777757748 0.15736635497068188 653
1607777757749 0.15729612391428185 654
1607777757751 0.15714828329066716 655
1607777757752 0.15686740985482753 656
1607777757754 0.1567725412189161 657
1607777757755 0.15670853812245936 658
1607777757756 0.1564034465365619 659
1607777757758 0.15607753327779042 660
1607777757759 0.15592407817821924 661
1607777757761 0.1556752879924379 662
1607777757762 0.1553600931540452 663
1607777757763 0.15532520713605502 664
1607777757765 0.15508109997070937 665
1607777757766 0.15478034584777395 666
1607777757767 0.1545087156296468 667
1607777757769 0.1542516717999975 668
1607777757770 0.1541738641949966 669
1607777757772 0.15394606080495724 670
1607777757773 0.15390077135511035 671
1607777757774 0.15379773467867128 672
1607777757776 0.1535136674035545 673
1607777757777 0.1532858489073429 674
1607777757778 0.15310430804901642 675
1607777757780 0.15281457522001257 676
1607777757781 0.15252322876873597 677
1607777757783 0.1522756924649837 678
1607777757784 0.15201246159351994 679
1607777757785 0.1519749430983277 680
1607777757787 0.15181290056360397 681
1607777757788 0.15161522576781755 682
1607777757790 0.15135875185134093 683
1607777757791 0.15101848506213283 684
1607777757792 0.15078855213392667 685
1607777757794 0.1507456844940109 686
1607777757795 0.15059060658916085 687
1607777757796 0.15055236456104557 688
1607777757798 0.15037958757699915 689
1607777757799 0.15010574325061554 690
1607777757800 0.14991243437617854 691
1607777757802 0.14958549014803102 692
1607777757803 0.14953076625385117 693
1607777757805 0.1494893590741709 694
1607777757806 0.14927359271408938 695
1607777757807 0.1491329668473909 696
1607777757809 0.1490923656471162 697
1607777757810 0.148868568093865 698
1607777757812 0.14870322705808037 699
1607777757813 0.14859707092682012 700
1607777757814 0.1483192002667184 701
1607777757816 0.1480590770636866 702
1607777757817 0.1477258249460399 703
1607777757819 0.14761320821996754 704
1607777757820 0.14732005383812688 705
1607777757821 0.14704142702401213 706
1607777757823 0.14680552535199867 707
1607777757824 0.14647819418187433 708
1607777757825 0.14638531280714995 709
1607777757827 0.1461773712423615 710
1607777757828 0.14608893282418647 711
1607777757830 0.14597729220993186 712
1607777757831 0.14585307870156203 713
1607777757832 0.1456801049424079 714
1607777757834 0.14555273492112913 715
1607777757835 0.14527429844278886 716
1607777757836 0.14505738014181724 717
1607777757838 0.14494099451987477 718
1607777757839 0.14472017418195152 719
1607777757841 0.144472224859965 720
1607777757842 0.14428549857771933 721
1607777757844 0.14402169088057498 722
1607777757845 0.14393090814272524 723
1607777757846 0.14385618033443695 724
1607777757848 0.14359426107867818 725
1607777757849 0.14349176994951962 726
1607777757851 0.14342290277838748 727
1607777757852 0.14335245976056726 728
1607777757853 0.14322537719714837 729
1607777757855 0.14298687558988343 730
1607777757856 0.14268236991412053 731
1607777757858 0.14256868617050739 732
1607777757859 0.14249396869861342 733
1607777757860 0.14230274507489873 734
1607777757862 0.14219970069533516 735
1607777757863 0.14200400401294497 736
1607777757865 0.141700796410227 737
1607777757866 0.14146577951432485 738
1607777757867 0.1414159846075352 739
1607777757869 0.1411544378381764 740
1607777757870 0.14109659505365782 741
1607777757872 0.14077951641242692 742
1607777757873 0.14052791515546476 743
1607777757875 0.14029628006915346 744
1607777757876 0.14007102334410318 745
1607777757877 0.13995844806106325 746
1607777757879 0.1397538873072093 747
1607777757880 0.13951597379034342 748
1607777757882 0.1392498683412473 749
1607777757883 0.13916003756470902 750
1607777757884 0.13893852020674374 751
1607777757886 0.138657935357709 752
1607777757887 0.13838423583921466 753
1607777757888 0.13806973252001414 754
1607777757890 0.13785105550749482 755
1607777757891 0.13762610638456513 756
1607777757893 0.1374097822577537 757
1607777757894 0.1372444314595005 758
1607777757895 0.13716565766369174 759
1607777757897 0.13700488020872273 760
1607777757898 0.13675823604341336 761
1607777757900 0.13654134842182017 762
1607777757903 0.13646231162246925 763
1607777757906 0.13630594517864122 764
1607777757908 0.13621001953481168 765
1607777757911 0.13596248155823082 766
1607777757912 0.13579083418804563 767
1607777757914 0.1356053979059116 768
1607777757917 0.13548625477648693 769
1607777757919 0.1352417733337539 770
1607777757920 0.13507222926730988 771
1607777757922 0.13482047067347824 772
1607777757923 0.13460596443063988 773
1607777757925 0.13442955873991766 774
1607777757927 0.13430886252732888 775
1607777757929 0.13419038224699364 776
1607777757930 0.1339715297891808 777
1607777757932 0.13375510880508407 778
1607777757933 0.13360406010253434 779
1607777757935 0.13346292055235212 780
1607777757936 0.13318277928215183 781
1607777757938 0.13297871565026698 782
1607777757939 0.13282825271601248 783
1607777757941 0.13260921795743164 784
1607777757942 0.13243601838650154 785
1607777757943 0.13220220547689912 786
1607777757945 0.1320150196699215 787
1607777757946 0.1317913827610788 788
1607777757948 0.13152642903489584 789
1607777757949 0.13131515954671047 790
1607777757950 0.1310919419461622 791
1607777757952 0.1308175920418347 792
1607777757953 0.13074871235444174 793
1607777757955 0.13072019988425895 794
1607777757956 0.1305912245736196 795
1607777757957 0.13049622859999765 796
1607777757959 0.13036321645699678 797
1607777757960 0.1303118971341786 798
1607777757962 0.13019082945227364 799
1607777757963 0.12988146890577956 800
1607777757964 0.12986020656559719 801
1607777757966 0.12966682742915409 802
1607777757967 0.12938837443705262 803
1607777757969 0.12932324130515035 804
1607777757970 0.12915351697298777 805
1607777757971 0.12897849617917564 806
1607777757973 0.12869300140696024 807
1607777757974 0.12862916627838847 808
1607777757976 0.12847463541730256 809
1607777757977 0.12826756720381008 810
1607777757978 0.1280467397007952 811
1607777757980 0.12784912383057823 812
1607777757981 0.1276635191865264 813
1607777757983 0.1274342798743225 814
1607777757984 0.12726658477871944 815
1607777757985 0.12719484792942476 816
1607777757987 0.12701229029874728 817
1607777757988 0.12677723647620678 818
1607777757990 0.12664797017121135 819
1607777757991 0.12643404525006197 820
1607777757992 0.12624832776910236 821
1607777757994 0.12603298406796462 822
1607777757995 0.12590113555661897 823
1607777757996 0.12564825471001273 824
1607777757998 0.1256194088830121 825
1607777757999 0.12543246557377102 826
1607777758001 0.12534204805868224 827
1607777758002 0.1252507509486344 828
1607777758003 0.12516184226494914 829
1607777758005 0.12493722599976329 830
1607777758006 0.1247077935916648 831
1607777758008 0.12448476482110987 832
1607777758009 0.12426564743635121 833
1607777758010 0.12408316516101037 834
1607777758012 0.12402940759479085 835
1607777758013 0.12388633579359082 836
1607777758015 0.123861550570249 837
1607777758016 0.12380447271096429 838
1607777758017 0.12361794148627486 839
1607777758019 0.12340729386502752 840
1607777758020 0.1232104547617384 841
1607777758022 0.12300975655241596 842
1607777758023 0.12276910365089329 843
1607777758025 0.12266399315231082 844
1607777758026 0.12250329543719736 845
1607777758027 0.12228729625933413 846
1607777758029 0.12225987955756164 847
1607777758030 0.12211209161573292 848
1607777758032 0.12190073252176231 849
1607777758033 0.12182050207149621 850
1607777758035 0.12161396442660745 851
1607777758036 0.12142085238621249 852
1607777758038 0.12123774261784072 853
1607777758039 0.12104152061996841 854
1607777758040 0.12082833853899413 855
1607777758042 0.12069409630899393 856
1607777758044 0.12051087073364301 857
1607777758045 0.12036638208437703 858
1607777758046 0.12024356352673546 859
1607777758048 0.12008407397622173 860
1607777758049 0.11987222072982694 861
1607777758051 0.11968014582203551 862
1607777758052 0.11956132908694946 863
1607777758053 0.11947011473765749 864
1607777758055 0.11928355135594836 865
1607777758056 0.11913795819725269 866
1607777758058 0.11905712814431654 867
1607777758059 0.11902380308236113 868
1607777758060 0.11889527388168873 869
1607777758062 0.1188564823644578 870
1607777758063 0.11872183815984022 871
1607777758065 0.1187037984753244 872
1607777758066 0.11855248980798734 873
1607777758067 0.11848163752016085 874
1607777758069 0.11829225859505531 875
1607777758070 0.11819484989362175 876
1607777758072 0.11814417414742524 877
1607777758073 0.11799879896832258 878
1607777758074 0.11786058182051146 879
1607777758076 0.1178193283133248 880
1607777758077 0.11765143105394044 881
1607777758079 0.11761247118775071 882
1607777758080 0.11751780409649352 883
1607777758081 0.1174354014085319 884
1607777758083 0.1173658265061057 885
1607777758084 0.1171636274433229 886
1607777758086 0.11698946617052981 887
1607777758087 0.1168006005504217 888
1607777758088 0.1166038633053261 889
1607777758090 0.11654044334460918 890
1607777758091 0.116512848652309 891
1607777758093 0.11649651090019411 892
1607777758094 0.1164123404800528 893
1607777758095 0.11632570111611254 894
1607777758097 0.11613773787532697 895
1607777758098 0.11594981653721395 896
1607777758100 0.11591965252957045 897
1607777758101 0.11573696801174901 898
1607777758102 0.11568719545959479 899
1607777758104 0.11551409825367738 900
1607777758105 0.11549919171628639 901
1607777758107 0.11541985625571806 902
1607777758108 0.11539744630332886 903
1607777758109 0.11528636024340676 904
1607777758111 0.11527205956073178 905
1607777758112 0.11514253481510583 906
1607777758114 0.11498298070223766 907
1607777758115 0.11495440736010248 908
1607777758116 0.11491072028243579 909
1607777758118 0.11486167396508007 910
1607777758119 0.11480348266881449 911
1607777758121 0.11463024599872403 912
1607777758122 0.11452449856453613 913
1607777758123 0.11432279012293138 914
1607777758125 0.11418173139889112 915
1607777758126 0.11413174729986639 916
1607777758128 0.11406043929997506 917
1607777758129 0.11389658166638972 918
1607777758130 0.11381686684860838 919
1607777758132 0.11371375219975677 920
1607777758133 0.11366947698338875 921
1607777758135 0.1135867083944781 922
1607777758136 0.11339495171092492 923
1607777758137 0.11323555226168004 924
1607777758139 0.1132225929999525 925
1607777758140 0.11304378431232535 926
1607777758142 0.1128433839738439 927
1607777758143 0.11271953675414477 928
1607777758144 0.1125094536009363 929
1607777758146 0.11235207170158115 930
1607777758147 0.1121564744627993 931
1607777758149 0.11201061942857421 932
1607777758150 0.11187720120001213 933
1607777758151 0.11168418147569292 934
1607777758153 0.11152048080283751 935
1607777758154 0.11143916212250886 936
1607777758156 0.1113806825383352 937
1607777758157 0.11135605155882118 938
1607777758158 0.11119159829099826 939
1607777758160 0.11099192994829607 940
1607777758161 0.11084939210262754 941
1607777758163 0.1107246205579413 942
1607777758164 0.11056982573951638 943
1607777758166 0.11045611505770253 944
1607777758167 0.11034953557320272 945
1607777758168 0.1102027193530871 946
1607777758170 0.11003907734749203 947
1607777758171 0.10993683389586852 948
1607777758172 0.10978021607559992 949
1607777758174 0.1096111328621816 950
1607777758175 0.10940978627816654 951
1607777758177 0.10923312071857022 952
1607777758178 0.10907223239597497 953
1607777758179 0.10893552321139628 954
1607777758181 0.10885248379865077 955
1607777758182 0.1086959034337112 956
1607777758184 0.10850792456919804 957
1607777758185 0.10836744816484747 958
1607777758186 0.10823285044550866 959
1607777758188 0.10807599800405591 960
1607777758189 0.10786875973246614 961
1607777758191 0.10774245099007924 962
1607777758192 0.10760978685699789 963
1607777758193 0.10746557912369045 964
1607777758195 0.10731036105348883 965
1607777758196 0.10719047622072513 966
1607777758198 0.10703990606013707 967
1607777758199 0.1069071449218102 968
1607777758200 0.10680000155622128 969
1607777758202 0.1067141148357901 970
1607777758203 0.10669186989652235 971
1607777758205 0.10653470867847725 972
1607777758206 0.10644577208124507 973
1607777758207 0.10629517780822302 974
1607777758209 0.10627987041569231 975
1607777758210 0.10625864948967109 976
1607777758212 0.10611634764283864 977
1607777758213 0.10599593655061051 978
1607777758214 0.10585147248049047 979
1607777758216 0.10574439248513474 980
1607777758217 0.10566561414806994 981
1607777758219 0.10550287445690118 982
1607777758220 0.10541364699941669 983
1607777758221 0.10535252279940117 984
1607777758223 0.10517161941858999 985
1607777758224 0.10503931540471455 986
1607777758226 0.10498516394866926 987
1607777758227 0.1048337126756877 988
1607777758228 0.10477622263740907 989
1607777758230 0.10461490618203675 990
1607777758231 0.1044542104687814 991
1607777758233 0.10424090073643723 992
1607777758234 0.10405818452651756 993
1607777758235 0.10400273847997585 994
1607777758237 0.10388261975080451 995
1607777758238 0.10377072151046575 996
1607777758240 0.10367236002181295 997
1607777758241 0.10361226818750503 998
1607777758242 0.10342842446165583 999
1607777758247 0.10342842446165583 1000
